666
0         22.5075   
0         22.5075   
0         33.4446   
SPHEROCYLINDER(3)  21.7344             2.77306             0.217682            -0.0863424          -0.919089           -0.384474           -0.995616           0.0935316           0                   0.0359605           0.382789            -0.923136           
SPHEROCYLINDER(3)  21.3998             1.38882             6.91136             -0.694042           0.585701            -0.418642           -0.644938           -0.764235           0                   -0.319941           0.269998            0.908152            
SPHEROCYLINDER(3)  20.864              3.50024             11.2707             -0.821528           -0.461873           -0.334313           -0.490071           0.871683            0                   0.291415            0.163837            -0.942462           
SPHEROCYLINDER(3)  0.980704            20.8613             18.9894             0.982666            -0.137617           -0.124212           -0.138691           -0.990336           0                   -0.123012           0.0172272           -0.992256           
SPHEROCYLINDER(3)  22.2193             1.41346             22.3338             0.152165            -0.0119003          -0.988283           0.0779681           0.996956            0                   0.985275            -0.0770546          0.15263             
SPHEROCYLINDER(3)  21.7756             21.0238             28.8594             0.0561363           -0.189967           -0.980184           0.959005            0.283391            0                   0.277775            -0.940001           0.198088            
SPHEROCYLINDER(3)  22.1778             5.11572             32.5029             -0.175477           -0.895756           -0.408448           -0.981347           0.192244            0                   0.0785215           0.400829            -0.912782           
SPHEROCYLINDER(3)  0.756574            5.52727             6.35098             -0.370754           0.887529            -0.273556           0.922726            0.385457            0                   0.105444            -0.252417           -0.961856           
SPHEROCYLINDER(3)  22.2425             4.42433             12.1769             0.702104            0.704455            -0.103888           0.708287            -0.705924           0                   -0.073337           -0.0735825          -0.994589           
SPHEROCYLINDER(3)  21.3167             4.11841             16.0316             -0.227624           -0.173929           -0.95809            -0.60715            0.794587            0                   0.761286            0.581704            -0.286468           
SPHEROCYLINDER(3)  20.4546             4.99156             24.2305             -0.852853           -0.206883           -0.479417           -0.235741           0.971816            0                   0.465905            0.113018            -0.877587           
SPHEROCYLINDER(3)  0.561077            4.29716             29.0573             0.015278            0.989847            -0.141311           0.999881            -0.0154329          0                   -0.00218083         -0.141294           -0.989965           
SPHEROCYLINDER(3)  22.134              7.38334             1.0117              -0.2016             0.00672084          -0.979445           0.033319            0.999445            0                   0.978901            -0.0326341          -0.201712           
SPHEROCYLINDER(3)  20.9178             9.20933             1.99651             -0.629551           -0.723012           -0.284463           -0.754169           0.65668             0                   0.186801            0.214533            -0.958687           
SPHEROCYLINDER(3)  22.3479             6.83284             12.1643             -0.514127           -0.690511           -0.508791           -0.80209            0.597204            0                   0.303852            0.408096            -0.86089            
SPHEROCYLINDER(3)  1.00527             7.23717             16.5878             -0.590415           0.409036            -0.695773           -0.56948            -0.822005           0                   -0.571929           0.396229            0.718262            
SPHEROCYLINDER(3)  19.681              8.56709             22.5262             0.0148041           -0.242771           -0.96997            0.998146            0.0608666           0                   0.0590388           -0.968172           0.243222            
SPHEROCYLINDER(3)  18.594              6.39939             28.4506             -0.588855           -0.182874           -0.787278           0.296585            -0.955006           0                   -0.751856           -0.233495           0.616598            
SPHEROCYLINDER(3)  19.4685             12.9533             32.3541             -0.898013           0.0809739           -0.432454           0.0898058           0.995959            0                   0.430707            -0.0388369          -0.901656           
SPHEROCYLINDER(3)  22.4575             11.6495             5.21721             0.0337278           -0.227683           -0.973151           0.989205            0.146535            0                   0.142601            -0.962646           0.230168            
SPHEROCYLINDER(3)  21.9929             8.84183             11.2894             0.644142            -0.729073           -0.231375           -0.749408           -0.662108           0                   -0.153195           0.173394            -0.972865           
SPHEROCYLINDER(3)  20.4297             14.1209             14.1083             0.951872            0.290828            -0.0967332          0.292199            -0.956358           0                   -0.0925115          -0.0282653          -0.99531            
SPHEROCYLINDER(3)  21.3359             11.0605             20.2858             -0.704367           0.415456            -0.575555           -0.50804            -0.861334           0                   -0.495745           0.292405            0.817763            
SPHEROCYLINDER(3)  22.507              15.5519             28.4034             -0.354148           0.332626            -0.874036           0.684611            0.728908            0                   0.637092            -0.598375           -0.485861           
SPHEROCYLINDER(3)  3.04572             14.9708             30.9699             -0.543455           0.733193            -0.40876            0.803374            0.595475            0                   0.243406            -0.328387           -0.912642           
SPHEROCYLINDER(3)  0.316807            16.2941             4.42377             -0.620281           -0.142483           -0.77133            0.223877            -0.974617           0                   -0.751752           -0.172683           0.636435            
SPHEROCYLINDER(3)  1.77039             17.8613             11.0969             -0.368304           0.288022            -0.883966           0.616021            0.787729            0                   0.696326            -0.544542           -0.467552           
SPHEROCYLINDER(3)  0.465852            16.6768             14.8438             -0.695245           -0.247026           -0.674992           0.334803            -0.942288           0                   -0.636037           -0.225989           0.737826            
SPHEROCYLINDER(3)  21.7374             15.6293             22.6487             -0.528456           0.503684            -0.683401           -0.689937           -0.723869           0                   -0.494693           0.471504            0.730043            
SPHEROCYLINDER(3)  18.5824             14.3037             29.715              -0.497589           0.247567            -0.831334           0.445445            0.895309            0                   0.744301            -0.370314           -0.555773           
SPHEROCYLINDER(3)  1.50078             21.0524             32.9246             0.256024            -0.830194           -0.495206           -0.955591           -0.294695           0                   -0.145935           0.473215            -0.868775           
SPHEROCYLINDER(3)  0.00445852          19.6667             8.95357             0.0573932           -0.427291           -0.902291           0.991099            0.133123            0                   0.120116            -0.89426            0.431128            
SPHEROCYLINDER(3)  22.3165             22.3285             15.3582             -0.210128           0.150489            -0.966023           0.582257            0.813005            0                   0.785381            -0.562474           -0.258458           
SPHEROCYLINDER(3)  21.0662             19.4377             17.4394             -0.846734           -0.20572            -0.490633           -0.236089           0.971732            0                   0.476764            0.115833            -0.871366           
SPHEROCYLINDER(3)  18.5159             21.6558             22.7354             0.00896284          -0.400689           -0.91617            0.99975             0.022363            0                   0.0204883           -0.915941           0.400789            
SPHEROCYLINDER(3)  22.368              15.7518             25.3719             -0.394782           0.459385            -0.795684           -0.758421           -0.651765           0                   -0.518599           0.603463            0.605712            
SPHEROCYLINDER(3)  4.88076             22.2803             1.24452             0.00276749          -0.255845           -0.966714           0.999942            0.0108164           0                   0.0104564           -0.966657           0.25586             
SPHEROCYLINDER(3)  2.56868             3.16508             6.29328             -0.092159           -0.387536           -0.917236           0.972869            -0.231356           0                   -0.212208           -0.892351           0.398343            
SPHEROCYLINDER(3)  3.17542             21.5822             10.821              -0.661803           0.399202            -0.634551           -0.516512           -0.85628            0                   -0.543353           0.327753            0.772881            
SPHEROCYLINDER(3)  2.35255             2.11985             17.9073             -0.397332           -0.0469699          -0.916472           0.117396            -0.993085           0                   -0.910135           -0.10759            0.400099            
SPHEROCYLINDER(3)  5.39459             1.5427              21.8995             -0.65062            -0.175746           -0.738787           0.260775            -0.9654             0                   -0.713225           -0.192657           0.673938            
SPHEROCYLINDER(3)  22.3597             20.3773             30.3436             -0.521662           -0.0978896          -0.847518           0.18443             -0.982846           0                   -0.832979           -0.156308           0.530767            
SPHEROCYLINDER(3)  0.791181            1.95978             31.8809             -0.878155           -0.1036             -0.467022           -0.117162           0.993113            0                   0.463806            0.0547173           -0.884245           
SPHEROCYLINDER(3)  3.7481              2.39799             3.66752             -0.525618           0.310063            -0.792203           -0.508085           -0.861307           0                   -0.68233            0.402507            0.610257            
SPHEROCYLINDER(3)  3.52876             2.88835             13.1068             -0.020538           -0.248415           -0.968436           0.9966              -0.0823948          0                   -0.0797941          -0.965143           0.249263            
SPHEROCYLINDER(3)  21.9516             4.37555             17.0875             -0.495994           0.214659            -0.841375           0.397185            0.917739            0                   0.772162            -0.334181           -0.540452           
SPHEROCYLINDER(3)  2.85528             3.47095             22.5916             -0.42538            0.114455            -0.897749           0.259826            0.965656            0                   0.866916            -0.233258           -0.440509           
SPHEROCYLINDER(3)  2.60249             3.68678             29.7638             -0.0586288          -0.888872           -0.45439            -0.997832           0.0658157           0                   0.029906            0.453405            -0.890803           
SPHEROCYLINDER(3)  2.38201             9.50771             1.33194             -0.430701           0.144408            -0.890867           0.317894            0.948126            0                   0.844654            -0.283201           -0.454265           
SPHEROCYLINDER(3)  0.835059            7.69126             5.61319             -0.299985           0.201215            -0.932482           0.557046            0.830482            0                   0.774409            -0.519435           -0.361218           
SPHEROCYLINDER(3)  3.78875             9.33531             10.7357             -0.0793287          -0.380418           -0.921406           0.978942            -0.204139           0                   -0.188095           -0.902003           0.388601            
SPHEROCYLINDER(3)  4.00875             8.29477             17.3711             -0.417152           0.845712            -0.3328             0.896834            0.442368            0                   0.14722             -0.298466           -0.942998           
SPHEROCYLINDER(3)  5.62997             8.59491             22.1689             -0.810591           0.523908            -0.261653           -0.542819           -0.83985            0                   -0.219749           0.14203             0.965162            
SPHEROCYLINDER(3)  4.94469             7.21142             28.1345             -0.859082           0.149765            -0.489436           0.171742            0.985142            0                   0.482164            -0.0840565          -0.872039           
SPHEROCYLINDER(3)  2.93745             9.03356             32.9327             -0.639377           -0.286296           -0.713603           0.408674            -0.912681           0                   -0.651292           -0.291631           0.700549            
SPHEROCYLINDER(3)  2.82247             11.9518             4.64102             0.976956            -0.197987           -0.0797389          -0.19862            -0.980077           0                   -0.0781502          0.0158377           -0.996816           
SPHEROCYLINDER(3)  3.52317             9.36728             9.09138             -0.478973           0.0440236           -0.876725           0.0915268           0.995803            0                   0.873045            -0.0802438          -0.480992           
SPHEROCYLINDER(3)  4.10131             10.9099             18.0342             -0.836455           -0.416569           -0.356107           -0.445793           0.895136            0                   0.318764            0.15875             -0.934445           
SPHEROCYLINDER(3)  3.48657             13.1516             21.5765             -0.3282             -0.0233237          -0.944321           -0.0708866          0.997484            0                   0.941945            0.0669397           -0.329028           
SPHEROCYLINDER(3)  3.15761             10.0012             27.8785             -0.451867           -0.845502           -0.284503           -0.881949           0.471345            0                   0.134099            0.250917            -0.958675           
SPHEROCYLINDER(3)  3.84426             15.721              30.9031             0.725651            -0.665838           -0.173464           -0.676088           -0.736821           0                   -0.127812           0.117277            -0.98484            
SPHEROCYLINDER(3)  1.09473             17.0251             5.36741             -0.45187            0.440558            -0.775708           -0.698088           -0.716012           0                   -0.555416           0.541512            0.631093            
SPHEROCYLINDER(3)  6.02644             14.9234             11.3447             -0.378917           -0.0563622          -0.923713           0.147127            -0.989118           0                   -0.913661           -0.135903           0.383086            
SPHEROCYLINDER(3)  4.13067             15.6423             16.2602             -0.0676276          -0.64714            -0.759366           0.994584            -0.103936           0                   -0.0789256          -0.755253           0.650664            
SPHEROCYLINDER(3)  2.80853             16.8782             21.4829             0.329357            -0.910677           -0.249383           -0.940388           -0.340102           0                   -0.0848158          0.234517            -0.968405           
SPHEROCYLINDER(3)  4.97329             16.747              30.9791             -0.110166           0.00227379          -0.993911           0.0206354           0.999787            0                   0.993699            -0.0205097          -0.110189           
SPHEROCYLINDER(3)  3.63451             20.4597             32.7179             0.0100411           -0.0919758          -0.99571            0.994094            0.108527            0                   0.108061            -0.989829           0.0925223           
SPHEROCYLINDER(3)  3.09049             19.0887             5.76449             -0.836455           -0.416569           -0.356107           -0.445793           0.895136            0                   0.318764            0.15875             -0.934445           
SPHEROCYLINDER(3)  2.80552             17.8874             14.1499             -0.187019           0.231976            -0.954574           0.77851             0.627633            0                   0.599122            -0.743145           -0.297975           
SPHEROCYLINDER(3)  4.75463             17.0711             19.0716             -0.060362           -0.286443           -0.956194           0.97851             -0.206201           0                   -0.197168           -0.935645           0.292734            
SPHEROCYLINDER(3)  3.28326             19.135              21.856              -0.124984           0.13678             -0.982685           0.738221            0.674559            0                   0.662879            -0.725439           -0.185283           
SPHEROCYLINDER(3)  5.80015             18.8684             28.2963             -0.894143           -0.0556328          -0.444312           -0.062099           0.99807             0                   0.443454            0.0275913           -0.895872           
SPHEROCYLINDER(3)  6.89953             22.1894             32.2557             -0.715635           -0.634883           -0.291187           -0.663641           0.748051            0                   0.217823            0.193244            -0.956666           
SPHEROCYLINDER(3)  6.87186             0.878691            5.59923             -0.167268           0.0836909           -0.982353           0.447456            0.894306            0                   0.878524            -0.43956            -0.187037           
SPHEROCYLINDER(3)  7.58126             19.8116             9.69292             -0.623392           0.717392            -0.311014           -0.754828           -0.655923           0                   -0.204001           0.234762            0.950405            
SPHEROCYLINDER(3)  9.28311             0.832177            15.7792             -0.937808           -0.251419           -0.239384           0.258947            -0.965891           0                   -0.231219           -0.0619879          0.970925            
SPHEROCYLINDER(3)  5.13923             19.961              21.081              0.923098            0.36009             -0.135004           0.363417            -0.931627           0                   -0.125773           -0.0490626          -0.990845           
SPHEROCYLINDER(3)  2.92756             20.5637             31.2518             0.0472345           -0.208035           -0.97698            0.97518             0.221415            0                   0.216318            -0.952731           0.21333             
SPHEROCYLINDER(3)  6.01574             4.07406             32.4944             -0.389959           0.699106            -0.599319           -0.873325           -0.487138           0                   -0.291951           0.5234              0.800511            
SPHEROCYLINDER(3)  8.02434             2.38732             5.65961             -0.907766           0.0520415           -0.416235           0.0572352           0.998361            0                   0.415553            -0.0238233          -0.909257           
SPHEROCYLINDER(3)  8.36274             3.82358             10.227              -0.0950153          0.00298574          -0.995471           0.0314082           0.999507            0                   0.99498             -0.031266           -0.0950622          
SPHEROCYLINDER(3)  7.48873             2.41769             20.8105             -0.0728114          -0.995584           -0.05926            -0.997336           0.0729395           0                   0.0043224           0.0591022           -0.998243           
SPHEROCYLINDER(3)  7.98799             3.50482             23.3766             0.692716            -0.33053            -0.641011           0.43064             0.902524            0                   0.578528            -0.276045           0.767532            
SPHEROCYLINDER(3)  8.21881             4.95364             27.6634             0.505393            0.86201             -0.0389632          0.862664            -0.505777           0                   -0.0197067          -0.0336122          -0.999241           
SPHEROCYLINDER(3)  13.1462             7.97809             0.110115            -0.88608            0.319116            -0.336195           -0.338839           -0.940844           0                   -0.316307           0.113916            0.941792            
SPHEROCYLINDER(3)  4.46928             4.91828             7.30753             -0.542483           -0.0862518          -0.835627           0.157022            -0.987595           0                   -0.825261           -0.131212           0.549297            
SPHEROCYLINDER(3)  7.97397             8.51952             10.8501             0.0422422           -0.32454            -0.944928           0.991635            0.129071            0                   0.121963            -0.937024           0.327278            
SPHEROCYLINDER(3)  7.63423             8.43736             16.5723             0.0852259           -0.911797           -0.4017             -0.99566            -0.0930646          0                   -0.0373841          0.399957            -0.915771           
SPHEROCYLINDER(3)  7.31998             6.60039             20.0175             0.145742            -0.847107           -0.511048           -0.985521           -0.169555           0                   -0.0866508          0.503648            -0.859553           
SPHEROCYLINDER(3)  9.13141             6.16139             28.0575             0.170207            -0.897365           -0.407144           -0.982483           -0.186352           0                   -0.0758721          0.400012            -0.913364           
SPHEROCYLINDER(3)  5.88063             11.2323             32.5177             0.0165438           -0.364382           -0.931102           0.998971            0.0453557           0                   0.0422308           -0.930144           0.364757            
SPHEROCYLINDER(3)  6.95185             11.7246             6.41574             -0.420896           0.125364            -0.898404           0.285457            0.958391            0                   0.861023            -0.256456           -0.439169           
SPHEROCYLINDER(3)  4.62507             12.5272             9.18684             -0.937808           -0.251419           -0.239384           0.258947            -0.965891           0                   -0.231219           -0.0619879          0.970925            
SPHEROCYLINDER(3)  6.30148             13.102              18.9558             -0.393989           0.387202            -0.833575           -0.700937           -0.713223           0                   -0.594525           0.584284            0.552406            
SPHEROCYLINDER(3)  7.11046             12.3848             22.9432             0.245503            -0.865159           -0.437298           -0.962017           -0.272988           0                   -0.119377           0.420688            -0.899317           
SPHEROCYLINDER(3)  5.16358             10.5852             28.841              -0.0716517          -0.268421           -0.960633           0.96617             -0.257907           0                   -0.247754           -0.928135           0.27782             
SPHEROCYLINDER(3)  7.56397             18.28               2.48172             0.923098            0.36009             -0.135004           0.363417            -0.931627           0                   -0.125773           -0.0490626          -0.990845           
SPHEROCYLINDER(3)  8.22957             14.4243             5.3268              -0.801195           0.0683971           -0.594482           0.0850595           0.996376            0                   0.592328            -0.0505664          -0.804109           
SPHEROCYLINDER(3)  8.88753             13.8103             11.5206             -0.622754           -0.169751           -0.763781           -0.262986           0.9648              0                   0.736896            0.200864            -0.645475           
SPHEROCYLINDER(3)  8.19183             15.2281             17.9237             -0.705408           -0.248333           -0.663876           -0.332065           0.943256            0                   0.626205            0.22045             -0.747843           
SPHEROCYLINDER(3)  8.35373             16.2121             20.6621             -0.221672           -0.000495545        -0.975121           -0.00223548         0.999998            0                   0.975119            0.00217986          -0.221673           
SPHEROCYLINDER(3)  7.42762             12.7231             30.8066             0.0872255           -0.624676           -0.775998           0.990392            0.138292            0                   0.107314            -0.768542           0.630736            
SPHEROCYLINDER(3)  8.05526             21.1746             31.4129             -0.453011           -0.0585943          -0.889577           0.128276            -0.991739           0                   -0.882228           -0.114111           0.456785            
SPHEROCYLINDER(3)  7.36245             18.8461             7.36543             -0.631142           -0.0371271          -0.774778           0.0587238           -0.998274           0                   -0.773441           -0.0454979          0.632233            
SPHEROCYLINDER(3)  7.17661             17.8302             9.75362             -0.315782           0.252486            -0.914621           0.624485            0.781037            0                   0.714353            -0.571167           -0.404311           
SPHEROCYLINDER(3)  8.22835             19.4764             16.6345             -0.299376           -0.025671           -0.95379            -0.0854346          0.996344            0                   0.950303            0.0814867           -0.300475           
SPHEROCYLINDER(3)  8.3033              21.1663             22.1192             -0.0796256          -0.0061861          -0.996806           -0.0774564          0.996996            0                   0.993811            0.077209            -0.0798655          
SPHEROCYLINDER(3)  9.54531             18.5699             29.4901             -0.826391           0.38066             -0.414941           -0.418377           -0.908273           0                   -0.37688            0.173602            0.909848            
SPHEROCYLINDER(3)  9.60269             20.0441             1.79943             0.0554147           -0.947967           -0.313509           -0.998296           -0.0583568          0                   -0.0182954          0.312975            -0.949585           
SPHEROCYLINDER(3)  10.0207             21.6953             5.14996             0.0100411           -0.0919758          -0.99571            0.994094            0.108527            0                   0.108061            -0.989829           0.0925223           
SPHEROCYLINDER(3)  9.97367             1.44151             9.9365              -0.821133           -0.0146721          -0.570548           0.0178653           -0.99984            0                   -0.570457           -0.010193           0.821264            
SPHEROCYLINDER(3)  12.0043             3.42036             14.6467             -0.299566           0.0629775           -0.951995           0.205732            0.978608            0                   0.93163             -0.195856           -0.306114           
SPHEROCYLINDER(3)  11.6075             20.6421             21.3032             0.0196363           -0.289101           -0.957097           0.997701            0.067766            0                   0.0648586           -0.954897           0.289767            
SPHEROCYLINDER(3)  9.74921             20.8607             28.6397             -0.263506           0.243363            -0.933455           0.678471            0.734628            0                   0.685742            -0.633322           -0.358693           
SPHEROCYLINDER(3)  8.10433             3.43159             1.08682             0.0607554           -0.659513           -0.749233           0.995784            0.0917331           0                   0.0687295           -0.746074           0.662306            
SPHEROCYLINDER(3)  12.2304             6.45715             2.65764             -0.214935           0.00258153          -0.976624           0.0120098           0.999928            0                   0.976554            -0.0117291          -0.214951           
SPHEROCYLINDER(3)  11.0166             3.83301             12.943              -0.658251           -0.300104           -0.690393           0.414833            -0.909897           0                   -0.628187           -0.286398           0.723434            
SPHEROCYLINDER(3)  13.2272             5.15106             16.6039             -0.836455           -0.416569           -0.356107           -0.445793           0.895136            0                   0.318764            0.15875             -0.934445           
SPHEROCYLINDER(3)  9.65501             2.8536              22.0668             -0.427075           0.624764            -0.653663           -0.82555            -0.564329           0                   -0.368881           0.539632            0.756785            
SPHEROCYLINDER(3)  10.1006             6.95658             29.1373             -0.512636           -0.233283           -0.826307           0.414195            -0.910188           0                   -0.752095           -0.342252           0.56322             
SPHEROCYLINDER(3)  10.1178             7.39855             30.6176             -0.658301           -0.0901595          -0.747336           0.135691            -0.990751           0                   -0.740424           -0.101407           0.664446            
SPHEROCYLINDER(3)  10.7521             6.29743             4.39849             0.00312252          -0.000839142        -0.999995           0.25953             0.965735            0                   0.96573             -0.259529           0.00323331          
SPHEROCYLINDER(3)  9.27045             7.55439             9.30046             0.018819            -0.11855            -0.99277            0.987633            0.156781            0                   0.155647            -0.980493           0.120034            
SPHEROCYLINDER(3)  10.9093             6.43347             17.5561             -0.576261           0.727476            -0.372427           -0.783866           -0.62093            0                   -0.231251           0.291933            0.928061            
SPHEROCYLINDER(3)  12.277              9.38944             23.3968             -0.938085           0.123318            -0.32371            0.130336            0.99147             0                   0.320949            -0.042191           -0.946156           
SPHEROCYLINDER(3)  10.0327             8.60324             29.9019             -0.351308           -0.15269            -0.923725           0.398611            -0.91712            0                   -0.847167           -0.368207           0.383056            
SPHEROCYLINDER(3)  13.4633             10.3315             30.4457             -0.25155            -0.0256857          -0.967504           -0.101582           0.994827            0                   0.962499            0.0982805           -0.252858           
SPHEROCYLINDER(3)  11.1232             9.26555             6.16433             0.698124            -0.713576           -0.0585976          -0.714804           -0.699325           0                   -0.0409788          0.0418858           -0.998282           
SPHEROCYLINDER(3)  11.623              11.2353             9.84307             -0.854479           -0.443467           -0.270561           0.460647            -0.887583           0                   -0.240145           -0.124633           0.962703            
SPHEROCYLINDER(3)  11.1185             11.2316             16.6345             -0.947045           -0.190611           -0.258403           -0.197312           0.980341            0                   0.253323            0.050986            -0.966037           
SPHEROCYLINDER(3)  10.9475             12.9511             22.545              0.0472055           -0.196856           -0.979295           0.972432            0.233186            0                   0.228358            -0.952298           0.202437            
SPHEROCYLINDER(3)  9.10131             11.9506             27.1685             -0.147705           -0.853685           -0.499404           -0.98536            0.170487            0                   0.085142            0.492093            -0.866369           
SPHEROCYLINDER(3)  11.9097             15.2504             1.49169             -0.164436           0.184264            -0.969024           0.746109            0.665823            0                   0.645199            -0.722998           -0.246966           
SPHEROCYLINDER(3)  11.8917             15.905              5.78333             -0.670605           0.462704            -0.579822           -0.567914           -0.823088           0                   -0.477244           0.329289            0.814743            
SPHEROCYLINDER(3)  10.4652             12.4843             12.2627             -0.878429           0.0725221           -0.472338           0.0822789           0.996609            0                   0.470736            -0.0388634          -0.881418           
SPHEROCYLINDER(3)  11.7207             15.5043             16.8496             -0.299985           0.201215            -0.932482           0.557046            0.830482            0                   0.774409            -0.519435           -0.361218           
SPHEROCYLINDER(3)  12.6474             17.313              21.4714             -0.805325           -0.0171055          -0.592587           -0.0212357          0.999774            0                   0.592453            0.012584            -0.805507           
SPHEROCYLINDER(3)  9.96735             14.1065             27.9599             0.505393            0.86201             -0.0389632          0.862664            -0.505777           0                   -0.0197067          -0.0336122          -0.999241           
SPHEROCYLINDER(3)  10.387              20.2522             30.946              -0.171245           -0.98435            -0.041609           -0.985203           0.171393            0                   0.0071315           0.0409933           -0.999134           
SPHEROCYLINDER(3)  10.7898             17.7712             7.20355             -0.588379           0.375935            -0.71588            -0.538416           -0.842679           0                   -0.603257           0.385441            0.698224            
SPHEROCYLINDER(3)  11.949              22.0497             11.5069             0.230141            -0.911945           -0.339693           -0.969601           -0.244691           0                   -0.0831199          0.329367            -0.940536           
SPHEROCYLINDER(3)  11.033              19.4321             15.0035             -0.587257           0.79621             -0.145526           -0.804778           -0.593576           0                   -0.0863806          0.117116            0.989354            
SPHEROCYLINDER(3)  11.6186             20.315              23.4622             -0.650909           -0.210867           -0.729283           0.308189            -0.951325           0                   -0.693785           -0.224757           0.684213            
SPHEROCYLINDER(3)  13.8045             18.8897             28.7351             -0.165208           0.209636            -0.963721           0.785419            0.618964            0                   0.596509            -0.756925           -0.26691            
SPHEROCYLINDER(3)  14.3574             19.6649             0.112811            -0.69312            0.712725            -0.107738           -0.716898           -0.697178           0                   -0.0751127          0.0772372           0.994179            
SPHEROCYLINDER(3)  14.8636             1.59753             4.74218             -0.804994           0.0505656           -0.591124           0.0626913           0.998033            0                   0.589961            -0.0370583          -0.806581           
SPHEROCYLINDER(3)  17.2687             0.484529            8.79495             -0.0593695          -0.711662           -0.700009           0.996538            -0.0831349          0                   -0.0581952          -0.697586           0.714134            
SPHEROCYLINDER(3)  15.3211             0.526017            14.6701             0.0852259           -0.911797           -0.4017             -0.99566            -0.0930646          0                   -0.0373841          0.399957            -0.915771           
SPHEROCYLINDER(3)  13.6797             21.1624             21.7685             -0.576261           0.727476            -0.372427           -0.783866           -0.62093            0                   -0.231251           0.291933            0.928061            
SPHEROCYLINDER(3)  18.9164             0.511285            29.502              -0.280772           0.132021            -0.950651           0.425515            0.904951            0                   0.860293            -0.404516           -0.310262           
SPHEROCYLINDER(3)  15.5744             3.28883             0.792401            0.227763            0.970079            -0.0840911          0.973527            -0.228572           0                   -0.0192209          -0.0818649          -0.996458           
SPHEROCYLINDER(3)  13.8099             3.39849             6.34863             0.462627            0.851546            -0.246668           0.878698            -0.477378           0                   -0.117754           -0.216747           -0.9691             
SPHEROCYLINDER(3)  14.6107             3.20077             11.1576             -0.459644           0.438024            -0.772569           -0.689876           -0.723927           0                   -0.559284           0.532977            0.634931            
