666
0         22.5075   
0         22.5075   
0         33.4446   
SPHEROCYLINDER(3)  11.5523             9.38073             1.23052             0.270853            -0.281237           -0.920622           -0.720279           -0.693685           0                   -0.638622           0.663104            -0.390455           
SPHEROCYLINDER(3)  16.9511             7.37822             5.23741             -0.219939           -0.257621           -0.940882           -0.760536           0.649295            0                   0.61091             0.715575            -0.338736           
SPHEROCYLINDER(3)  6.2872              16.1734             15.59               -0.287727           0.246413            -0.92547            0.650472            0.75953             0                   0.702922            -0.601992           -0.378822           
SPHEROCYLINDER(3)  1.52066             0.557386            15.2416             -0.503353           -0.236656           -0.831042           -0.425479           0.904968            0                   0.752066            0.353591            -0.55621            
SPHEROCYLINDER(3)  20.8726             9.21002             4.54796             0.595978            0.309368            -0.741014           -0.460719           0.887546            0                   0.657685            0.341399            0.671489            
SPHEROCYLINDER(3)  6.45278             1.36155             28.3893             0.0126967           -0.0406953          -0.999091           0.954617            0.297836            0                   0.297565            -0.953749           0.04263             
SPHEROCYLINDER(3)  21.6303             4.79262             30.0537             0.812263            0.35284             -0.464471           0.398424            -0.917201           0                   -0.426013           -0.185056           -0.885588           
SPHEROCYLINDER(3)  8.67155             22.1881             5.70495             0.0488026           0.881837            -0.469022           0.998472            -0.0552575          0                   -0.025917           -0.468306           -0.883186           
SPHEROCYLINDER(3)  20.1294             11.862              13.1705             0.34344             0.563243            -0.751536           0.853797            -0.520606           0                   -0.391255           -0.641659           -0.659692           
SPHEROCYLINDER(3)  21.0294             11.0015             10.145              0.100714            0.183665            -0.977816           0.876823            -0.480814           0                   -0.470148           -0.857371           -0.209466           
SPHEROCYLINDER(3)  9.94332             1.4467              12.4264             -0.844088           -0.327986           -0.424194           -0.362187           0.932106            0                   0.395394            0.153638            -0.905571           
SPHEROCYLINDER(3)  22.4768             3.7099              29.5942             -0.345401           -0.389052           -0.854012           -0.747813           0.663909            0                   0.566987            0.638642            -0.520253           
SPHEROCYLINDER(3)  12.9001             4.23786             2.00204             0.343632            0.7045              -0.620965           0.898782            -0.438397           0                   -0.272229           -0.558111           -0.783839           
SPHEROCYLINDER(3)  18.0667             12.0479             32.8855             -0.192753           -0.775955           -0.600617           -0.970505           0.241081            0                   0.144797            0.582902            -0.799537           
SPHEROCYLINDER(3)  2.90599             9.22467             18.6739             0.711202            0.330506            -0.62045            -0.421432           0.90686             0                   0.562661            0.261477            0.784246            
SPHEROCYLINDER(3)  0.853231            14.1706             19.233              -0.166616           -0.283872           -0.944275           -0.862422           0.50619             0                   0.477983            0.814364            -0.329156           
SPHEROCYLINDER(3)  0.954036            13.018              17.8423             0.197315            0.0942061           -0.975803           -0.430853           0.902422            0                   0.880586            0.420428            0.21865             
SPHEROCYLINDER(3)  4.56101             1.26416             32.8652             0.591011            -0.224963           -0.774659           0.355741            0.934585            0                   0.723985            -0.275578           0.632379            
SPHEROCYLINDER(3)  1.90375             2.89174             3.8088              0.279668            0.175847            -0.943856           -0.532293           0.84656             0                   0.799031            0.502408            0.330358            
SPHEROCYLINDER(3)  18.3187             4.20013             4.36304             0.169637            -0.176175           -0.969632           -0.720346           -0.693615           0                   -0.672551           0.698471            -0.24457            
SPHEROCYLINDER(3)  22.1351             21.0965             16.8997             0.917356            -0.178007           -0.35605            0.190491            0.981689            0                   0.34953             -0.0678243          0.934467            
SPHEROCYLINDER(3)  3.56389             15.0133             22.7259             -0.702475           -0.418498           -0.575663           -0.511807           0.859101            0                   0.494553            0.294628            -0.817687           
SPHEROCYLINDER(3)  20.859              8.29571             32.3969             -0.111649           0.737235            -0.666347           0.988726            0.149735            0                   0.0997757           -0.658835           -0.745642           
SPHEROCYLINDER(3)  6.71701             8.77806             31.7046             -0.658359           -0.671471           -0.340133           -0.714044           0.700101            0                   0.238127            0.24287             -0.940377           
SPHEROCYLINDER(3)  21.6443             10.6852             20.9768             0.102336            -0.315517           -0.943385           -0.951217           -0.308522           0                   -0.291055           0.897364            -0.331698           
SPHEROCYLINDER(3)  7.07175             19.1618             7.12624             0.113039            -0.325722           -0.938684           -0.944727           -0.327859           0                   -0.307756           0.8868              -0.344779           
SPHEROCYLINDER(3)  0.181256            19.7366             14.5185             -0.0854168          0.00775402          -0.996315           0.0904069           0.995905            0                   0.992235            -0.0900737          -0.085768           
SPHEROCYLINDER(3)  4.56524             4.90828             0.974317            -0.384167           0.0624845           -0.921147           0.160539            0.987029            0                   0.909199            -0.14788            -0.389216           
SPHEROCYLINDER(3)  20.6757             22.0921             22.5524             -0.179442           -0.493992           -0.850748           -0.939911           0.341421            0                   0.290463            0.799627            -0.525574           
SPHEROCYLINDER(3)  16.5274             6.28738             26.8829             0.86138             -0.439802           -0.254163           0.454735            0.890627            0                   0.226365            -0.115577           0.967161            
SPHEROCYLINDER(3)  22.3702             19.9398             31.4554             -0.763836           0.403036            -0.5041             -0.466669           -0.884432           0                   -0.445842           0.235248            0.863645            
SPHEROCYLINDER(3)  20.451              17.3363             10.2855             0.943564            -0.284506           -0.169537           0.288685            0.957424            0                   0.162319            -0.0489427          0.985524            
SPHEROCYLINDER(3)  3.21058             3.04987             18.3872             -9.00243e-05        -0.000157026        -1                  0.86754             -0.497368           0                   -0.497368           -0.86754            0.000181001         
SPHEROCYLINDER(3)  1.43318             22.4155             18.7337             0.201511            -0.108528           -0.973455           0.474173            0.880432            0                   0.857061            -0.461587           0.228877            
SPHEROCYLINDER(3)  2.72629             17.6362             22.3935             -0.393966           0.246628            -0.885418           0.530617            0.847612            0                   0.750491            -0.469817           -0.464796           
SPHEROCYLINDER(3)  1.31552             12.4226             0.385063            0.117202            0.0317799           -0.9926             0.261705            -0.965148           0                   -0.958005           -0.259769           -0.121434           
SPHEROCYLINDER(3)  13.7657             1.14947             23.7515             0.178198            -0.234317           -0.955689           0.79597             0.605336            0                   0.578512            -0.7607             0.294379            
SPHEROCYLINDER(3)  12.2183             3.10978             12.583              0.258278            0.310399            -0.914847           -0.768693           0.639618            0                   0.585152            0.703237            0.403801            
SPHEROCYLINDER(3)  1.57143             22.3345             8.00327             -0.855068           0.105911            -0.507584           0.122923            0.992416            0                   0.503735            -0.0623937          -0.861602           
SPHEROCYLINDER(3)  17.6444             15.5726             15.994              0.338532            -0.179736           -0.923629           0.468934            0.883233            0                   0.81578             -0.433121           0.383287            
SPHEROCYLINDER(3)  10.2858             1.05556             23.0767             -0.489959           -0.21514            -0.844781           -0.402047           0.915619            0                   0.773498            0.339642            -0.535112           
SPHEROCYLINDER(3)  21.5854             17.9313             3.56724             -0.216663           0.437587            -0.872683           0.896165            0.44372             0                   0.387227            -0.782068           -0.488288           
SPHEROCYLINDER(3)  17.5273             12.2648             4.99593             0.374569            0.184003            -0.908758           0.440912            -0.89755            0                   -0.815656           -0.400682           -0.417324           
SPHEROCYLINDER(3)  12.3733             3.91842             25.8105             0.408888            -0.120854           -0.904547           0.283447            0.958988            0                   0.86745             -0.256391           0.426374            
SPHEROCYLINDER(3)  18.2248             4.23505             2.29985             0.0506236           0.693221            -0.718945           -0.997344           0.0728327           0                   0.0523627           0.717036            0.695067            
SPHEROCYLINDER(3)  19.0739             2.7262              18.3644             -0.0483463          0.92478             -0.377419           -0.998636           -0.0522075          0                   -0.0197041          0.376905            0.926043            
SPHEROCYLINDER(3)  10.2026             10.4983             27.8581             0.330129            0.23145             -0.915121           -0.57406            0.818813            0                   0.749313            0.525334            0.40318             
SPHEROCYLINDER(3)  1.0858              20.4988             21.4168             -0.677798           0.620605            -0.394257           0.675305            0.737539            0                   0.29078             -0.266244           -0.919              
SPHEROCYLINDER(3)  9.15013             15.5542             3.87896             -0.258372           -0.800262           -0.541133           0.951631            -0.307243           0                   -0.166259           -0.514959           0.840937            
SPHEROCYLINDER(3)  12.14               12.5039             5.02766             0.62069             -0.682868           -0.385273           -0.739993           -0.672614           0                   -0.25914            0.2851              -0.922803           
SPHEROCYLINDER(3)  13.5988             8.67651             15.5159             0.600874            -0.586728           -0.542863           -0.698635           -0.715478           0                   -0.388407           0.379263            -0.839821           
SPHEROCYLINDER(3)  4.35532             7.94019             20.8474             -0.968228           0.13232             -0.212193           -0.135403           -0.990791           0                   -0.210238           0.0287316           0.977228            
SPHEROCYLINDER(3)  11.8648             17.222              22.5615             -0.681422           -0.0618874          -0.72927            -0.0904487          0.995901            0                   0.726281            0.0659615           -0.684226           
SPHEROCYLINDER(3)  13.4504             8.49506             30.3075             0.602521            0.648473            -0.465244           -0.732586           0.680674            0                   0.31668             0.340832            0.885182            
SPHEROCYLINDER(3)  4.35421             5.04989             24.8729             0.514235            -0.270336           -0.813929           0.465324            0.885141            0                   0.720442            -0.378741           0.580964            
SPHEROCYLINDER(3)  8.27021             20.1177             6.13258             0.351495            0.0562035           -0.934501           -0.157893           0.987456            0                   0.922779            0.147551            0.35596             
SPHEROCYLINDER(3)  1.64599             10.8518             11.2917             -0.0995623          0.187448            -0.977216           -0.883154           -0.469084           0                   -0.458396           0.863032            0.212248            
SPHEROCYLINDER(3)  6.41818             13.7449             9.80915             0.261147            -0.166574           -0.950818           0.537769            0.843092            0                   0.801628            -0.51132            0.309749            
SPHEROCYLINDER(3)  20.1021             18.9174             13.2717             0.338532            -0.179736           -0.923629           0.468934            0.883233            0                   0.81578             -0.433121           0.383287            
SPHEROCYLINDER(3)  4.06698             8.52016             0.367949            -0.0055716          0.558055            -0.829785           -0.99995            -0.00998348         0                   -0.00828415         0.829744            0.558082            
SPHEROCYLINDER(3)  9.74956             16.7202             0.0226132           0.027883            -0.0660871          -0.997424           -0.921352           -0.38873            0                   -0.387729           0.918979            -0.0717285          
SPHEROCYLINDER(3)  15.8405             5.92001             15.7003             0.386983            0.0380877           -0.9213             0.0979488           -0.995191           0                   -0.91687            -0.0902402          -0.388853           
SPHEROCYLINDER(3)  11.55               13.4779             19.1744             0.0231726           0.781268            -0.623765           -0.99956            0.0296472           0                   0.0184929           0.623491            0.781612            
SPHEROCYLINDER(3)  1.65701             16.1775             15.0964             0.267101            -0.493108           -0.827951           0.879291            0.476284            0                   0.39434             -0.72801            0.560801            
SPHEROCYLINDER(3)  13.607              19.2882             24.4569             -0.0367339          -0.141803           -0.989213           -0.968046           0.250772            0                   0.248067            0.957604            -0.146483           
SPHEROCYLINDER(3)  8.96552             2.71909             26.2238             0.552132            -0.701566           -0.450506           -0.785827           -0.618446           0                   -0.278614           0.35402             -0.892774           
SPHEROCYLINDER(3)  11.1711             16.0251             29.0056             -0.0652371          0.0690892           -0.995475           0.727086            0.686546            0                   0.68344             -0.723796           -0.0950221          
SPHEROCYLINDER(3)  14.7392             14.1627             20.4141             0.134925            -0.0880648          -0.986935           0.546574            0.837411            0                   0.82647             -0.539432           0.161122            
SPHEROCYLINDER(3)  21.3476             18.5614             17.0764             0.403524            0.832156            -0.380375           -0.899791           0.436321            0                   0.165966            0.342258            0.924832            
SPHEROCYLINDER(3)  7.63166             22.0484             19.1697             0.235093            -0.486953           -0.841194           -0.900543           -0.434768           0                   -0.365724           0.757531            -0.540733           
SPHEROCYLINDER(3)  9.44982             7.26487             21.5361             0.118016            0.252714            -0.960317           0.90607             -0.423128           0                   -0.406337           -0.870114           -0.278912           
SPHEROCYLINDER(3)  15.3094             0.275856            28.3546             -0.0767214          -0.648179           -0.757613           -0.993068           0.117544            0                   0.0890529           0.752361            -0.652704           
SPHEROCYLINDER(3)  9.35262             17.958              8.77688             0.83881             -0.310588           -0.447138           0.347233            0.937779            0                   0.419316            -0.155261           0.894465            
SPHEROCYLINDER(3)  11.7205             0.6825              6.94153             -0.109218           0.0537997           -0.992561           0.441888            0.89707             0                   0.890397            -0.438601           -0.12175            
SPHEROCYLINDER(3)  21.6332             20.0323             9.04014             -0.177907           0.165105            -0.970098           0.680242            0.732988            0                   0.71107             -0.659901           -0.242715           
SPHEROCYLINDER(3)  4.09082             13.7125             8.68643             0.100823            0.976145            -0.192292           -0.994708           0.10274             0                   0.0197562           0.191275            0.981338            
SPHEROCYLINDER(3)  8.56396             19.0168             18.8244             0.529132            -0.216678           -0.820409           -0.378955           -0.925415           0                   -0.759219           0.310898            -0.571777           
SPHEROCYLINDER(3)  4.28539             16.9125             3.07482             -0.646656           -0.194904           -0.737461           -0.288579           0.957456            0                   0.706086            0.212816            -0.67539            
SPHEROCYLINDER(3)  2.51028             22.076              27.8047             -0.610248           0.435966            -0.661461           -0.581304           -0.813686           0                   -0.538222           0.38451             0.749979            
SPHEROCYLINDER(3)  2.56325             10.7477             9.95299             0.84705             0.47528             -0.23794            0.489334            -0.872097           0                   -0.207506           -0.116432           -0.97128            
SPHEROCYLINDER(3)  4.7172              5.8052              7.14345             0.174552            -0.176693           -0.968665           0.711404            0.702784            0                   0.680762            -0.689112           0.248373            
SPHEROCYLINDER(3)  11.0496             20.1648             18.9608             0.306255            0.53646             -0.786396           -0.868448           0.495781            0                   0.38988             0.682944            0.617722            
SPHEROCYLINDER(3)  1.79051             5.29012             18.7352             0.554045            -0.0475075          -0.83113            0.0854332           0.996344            0                   0.828092            -0.0710061          0.556078            
SPHEROCYLINDER(3)  3.5897              19.5497             27.6054             -0.0709996          -0.189832           -0.979246           0.936633            -0.350313           0                   -0.343043           -0.917194           0.202675            
SPHEROCYLINDER(3)  10.5334             1.63813             24.9987             -0.00318154         -0.00699217         -0.99997            -0.910205           0.414157            0                   0.414145            0.910179            -0.00768197         
SPHEROCYLINDER(3)  17.9695             10.0977             3.24785             -0.569375           0.544868            -0.615574           0.691388            0.722484            0                   0.444742            -0.4256             -0.788079           
SPHEROCYLINDER(3)  4.11751             1.49119             11.9088             -0.503878           0.423908            -0.752602           0.643771            0.765218            0                   0.575905            -0.484503           -0.658476           
SPHEROCYLINDER(3)  2.25617             19.5426             19.0826             0.446684            0.445901            -0.775659           0.706486            -0.707727           0                   -0.548954           -0.547992           -0.631153           
SPHEROCYLINDER(3)  6.93596             10.8213             15.1449             0.551858            0.269321            -0.789252           -0.438584           0.89869             0                   0.709293            0.346154            0.614069            
SPHEROCYLINDER(3)  8.14575             20.8537             30.9474             -0.216663           0.437587            -0.872683           0.896165            0.44372             0                   0.387227            -0.782068           -0.488288           
SPHEROCYLINDER(3)  15.157              11.9963             2.1471              0.65922             -0.380026           -0.648852           0.499433            0.866352            0                   0.562135            -0.324058           0.760914            
SPHEROCYLINDER(3)  10.9005             16.9219             12.4529             0.483415            0.76397             -0.427388           -0.845035           0.53471             0                   0.228529            0.361158            0.904068            
SPHEROCYLINDER(3)  2.26472             6.93876             26.23               0.551858            0.269321            -0.789252           -0.438584           0.89869             0                   0.709293            0.346154            0.614069            
SPHEROCYLINDER(3)  2.74182             0.843618            17.7532             0.404701            -0.791876           -0.457329           -0.890451           -0.455079           0                   -0.208121           0.407229            -0.889298           
SPHEROCYLINDER(3)  18.0821             11.4261             29.2431             -0.035343           -0.0864751          -0.995627           -0.925671           0.378328            0                   0.376674            0.921623            -0.0934188          
SPHEROCYLINDER(3)  6.96956             2.42065             1.11614             0.0589799           -0.0329908          -0.997714           -0.488175           -0.872746           0                   -0.87075            0.487059            -0.0675797          
SPHEROCYLINDER(3)  8.29704             2.2082              11.2402             -0.327072           -0.617039           -0.715742           -0.883548           0.46834             0                   0.335211            0.632393            -0.698365           
SPHEROCYLINDER(3)  3.65944             17.8316             26.4553             0.0760288           -0.791221           -0.606786           0.995415            0.0956499           0                   0.058039            -0.604004           0.794865            
SPHEROCYLINDER(3)  6.45485             15.5496             18.8842             -0.23338            -0.723889           -0.649245           0.951759            -0.306845           0                   -0.199218           -0.617925           0.76058             
SPHEROCYLINDER(3)  3.44026             12.0762             27.2406             -0.212581           -0.643081           -0.735702           0.949469            -0.313862           0                   -0.230909           -0.698525           0.677306            
SPHEROCYLINDER(3)  4.50044             13.408              4.84318             0.0282964           -0.705784           -0.707861           -0.999197           -0.0400599          0                   -0.0283569          0.707293            -0.706351           
SPHEROCYLINDER(3)  5.26455             13.0137             31.6076             0.402868            0.0513641           -0.913816           0.126472            -0.99197            0                   -0.906478           -0.115573           -0.406129           
SPHEROCYLINDER(3)  21.7959             0.0602115           8.10694             0.265424            -0.271699           -0.925057           0.715319            0.698798            0                   0.646428            -0.66171            0.379829            
SPHEROCYLINDER(3)  7.59487             17.0991             5.78566             0.893421            0.0868177           -0.440751           -0.0967188          0.995312            0                   0.438685            0.0426289           0.897629            
SPHEROCYLINDER(3)  4.19325             18.1803             14.151              0.821119            0.31702             -0.474617           -0.360171           0.932886            0                   0.442764            0.170943            0.880192            
SPHEROCYLINDER(3)  1.37532             15.6702             13.8704             0.151789            0.0563917           -0.986803           -0.348257           0.937399            0                   0.925028            0.343661            0.161925            
SPHEROCYLINDER(3)  12.7634             3.65641             22.4464             0.254933            0.192991            -0.947504           -0.603581           0.797302            0                   0.755447            0.571895            0.319744            
SPHEROCYLINDER(3)  14.9595             20.6106             22.5696             -0.0246071          0.141289            -0.989662           -0.98517            -0.171578           0                   -0.169805           0.974986            0.143416            
SPHEROCYLINDER(3)  13.4801             3.17386             0.336597            0.0570666           0.0673836           -0.996094           -0.763109           0.64627             0                   0.643746            0.760128            0.0883014           
SPHEROCYLINDER(3)  12.4351             0.505262            4.6319              -0.114234           -0.0806467          -0.990175           0.576737            -0.81693            0                   -0.808904           -0.571071           0.139833            
SPHEROCYLINDER(3)  9.17186             3.28399             28.9866             0.0488957           0.006671            -0.998782           -0.135181           0.990821            0                   0.989614            0.135016            0.0493487           
SPHEROCYLINDER(3)  7.10593             19.1554             12.2957             0.464717            0.834792            -0.295229           -0.873738           0.486397            0                   0.143599            0.257953            0.955426            
SPHEROCYLINDER(3)  0.561107            14.133              11.8952             -0.319748           -0.307862           -0.896093           0.693591            -0.720369           0                   -0.645517           -0.621522           0.443867            
SPHEROCYLINDER(3)  0.0844746           2.1435              26.7945             -0.503353           -0.236656           -0.831042           -0.425479           0.904968            0                   0.752066            0.353591            -0.55621            
SPHEROCYLINDER(3)  9.24215             4.07314             12.0891             0.529049            -0.364896           -0.766132           0.56777             0.823187            0                   0.63067             -0.434986           0.642684            
SPHEROCYLINDER(3)  10.3926             19.5082             6.37002             0.578911            0.119479            -0.806589           -0.202126           0.979359            0                   0.789941            0.163033            0.591112            
SPHEROCYLINDER(3)  8.79618             5.34764             5.15926             -0.201869           0.751862            -0.627656           0.965795            0.259309            0                   0.162757            -0.606187           -0.778491           
SPHEROCYLINDER(3)  9.49472             4.29124             9.10859             0.270095            -0.496726           -0.82481            -0.878524           -0.477698           0                   -0.39401            0.724616            -0.56541            
SPHEROCYLINDER(3)  7.61833             7.2952              22.9653             0.175298            -0.929606           -0.324197           0.982681            0.185307            0                   0.0600759           -0.318582           0.94599             
SPHEROCYLINDER(3)  10.0938             8.17912             31.9412             0.331962            -0.77875            -0.532305           0.919908            0.392134            0                   0.208735            -0.489672           0.846552            
SPHEROCYLINDER(3)  2.23066             15.4011             28.9142             -0.216663           0.437587            -0.872683           0.896165            0.44372             0                   0.387227            -0.782068           -0.488288           
SPHEROCYLINDER(3)  22.4953             5.29431             4.05362             0.689396            0.00851807          -0.724334           0.0123549           -0.999924           0                   -0.724279           -0.00894907         -0.689449           
SPHEROCYLINDER(3)  19.6312             1.82095             10.2801             -0.418283           0.0720656           -0.905453           0.169788            0.985481            0                   0.892307            -0.153735           -0.424446           
SPHEROCYLINDER(3)  11.6139             9.11692             19.9774             0.174552            -0.176693           -0.968665           0.711404            0.702784            0                   0.680762            -0.689112           0.248373            
SPHEROCYLINDER(3)  17.3868             20.7947             23.6581             0.391054            0.33676             -0.856545           0.652545            -0.75775            0                   -0.649047           -0.558934           -0.516072           
SPHEROCYLINDER(3)  15.5184             5.12586             7.31537             -0.0827314          0.157641            -0.984025           0.885467            0.464702            0                   0.457278            -0.871322           -0.178031           
SPHEROCYLINDER(3)  4.38205             16.1956             30.0554             0.591011            -0.224963           -0.774659           0.355741            0.934585            0                   0.723985            -0.275578           0.632379            
SPHEROCYLINDER(3)  16.6555             15.7636             12.0322             -0.41852            -0.804301           -0.42183            -0.887089           0.461599            0                   0.194716            0.374201            -0.906675           
SPHEROCYLINDER(3)  12.691              13.7564             2.00451             0.0908159           0.207773            -0.973952           -0.916295           0.400505            0                   0.390073            0.892427            0.226753            
SPHEROCYLINDER(3)  16.8139             9.11388             15.3504             -0.16881            -0.249059           -0.953663           -0.827776           0.561059            0                   0.535061            0.789419            -0.300877           
SPHEROCYLINDER(3)  8.08363             13.0209             19.5031             0.893421            0.0868177           -0.440751           -0.0967188          0.995312            0                   0.438685            0.0426289           0.897629            
SPHEROCYLINDER(3)  19.3436             9.88037             0.56754             0.0724577           -0.323605           -0.943414           0.975837            0.218498            0                   0.206134            -0.920618           0.331618            
SPHEROCYLINDER(3)  15.3441             11.264              33.097              0.324999            -0.100198           -0.940391           -0.294619           -0.955615           0                   -0.898652           0.277057            -0.340095           
SPHEROCYLINDER(3)  3.84053             4.35175             3.0994              0.171831            0.144905            -0.974411           -0.644672           0.764459            0                   0.744898            0.628175            0.224774            
SPHEROCYLINDER(3)  12.6336             15.919              22.6005             0.616211            -0.261624           -0.742857           -0.390805           -0.920474           0                   -0.68378            0.290312            -0.66945            
SPHEROCYLINDER(3)  8.67455             11.215              31.5704             0.591011            -0.224963           -0.774659           0.355741            0.934585            0                   0.723985            -0.275578           0.632379            
SPHEROCYLINDER(3)  5.86858             12.8794             15.6596             -0.756244           -0.0171814          -0.654064           -0.0227135          0.999742            0                   0.653896            0.0148561           -0.756439           
SPHEROCYLINDER(3)  3.91199             22.1543             24.5815             -0.289143           -0.593262           -0.75129            -0.898919           0.438114            0                   0.329151            0.675349            -0.659972           
SPHEROCYLINDER(3)  1.65549             18.1982             0.386645            -0.300476           -0.0385062          -0.953012           0.127111            -0.991888           0                   -0.945281           -0.121139           0.302933            
SPHEROCYLINDER(3)  14.4777             14.3567             4.28931             -0.313022           -0.382713           -0.869223           -0.774063           0.633109            0                   0.550313            0.672833            -0.494421           
SPHEROCYLINDER(3)  15.1531             1.64181             6.54717             -0.0401758          -0.675375           -0.73638            0.998235            -0.0593818          0                   -0.0437275          -0.73508            0.676568            
SPHEROCYLINDER(3)  14.7312             20.9255             6.30068             -0.249882           -0.0871377          -0.964347           0.329269            -0.944236           0                   -0.910572           -0.31753            0.26464             
SPHEROCYLINDER(3)  8.53697             7.34012             16.2313             -0.694974           -0.334768           -0.63635            -0.433974           0.900925            0                   0.573303            0.276159            -0.771401           
SPHEROCYLINDER(3)  20.1279             21.6942             17.5554             0.0924867           0.486186            -0.868948           0.982383            -0.186878           0                   -0.162387           -0.853639           -0.494904           
SPHEROCYLINDER(3)  12.5724             19.1651             31.4606             0.0126967           -0.0406953          -0.999091           0.954617            0.297836            0                   0.297565            -0.953749           0.04263             
SPHEROCYLINDER(3)  14.3346             19.2547             7.8868              0.95735             0.211925            -0.19639            -0.216134           0.976364            0                   0.191749            0.0424467           0.980526            
SPHEROCYLINDER(3)  19.6832             16.6097             14.3821             0.477154            -0.547518           -0.687421           -0.753888           -0.657003           0                   -0.451638           0.518239            -0.726259           
SPHEROCYLINDER(3)  21.7317             1.46298             3.0088              0.0502124           -0.143456           -0.988382           -0.943853           -0.330366           0                   -0.326528           0.932887            -0.15199            
SPHEROCYLINDER(3)  12.3898             1.80764             21.2024             0.382928            0.430576            -0.817295           0.747243            -0.664551           0                   -0.543134           -0.610717           -0.57622            
SPHEROCYLINDER(3)  10.0211             9.79442             18.3408             -0.548926           -0.664675           -0.506841           -0.771049           0.636775            0                   0.322744            0.390799            -0.86204            
SPHEROCYLINDER(3)  6.46349             12.8504             7.7559              0.285808            -0.222462           -0.932107           -0.614227           -0.789129           0                   -0.735553           0.572526            -0.362182           
SPHEROCYLINDER(3)  10.5149             12.1641             3.48198             -0.711519           0.536933            -0.453259           -0.602362           -0.798223           0                   -0.361802           0.273026            0.891379            
SPHEROCYLINDER(3)  16.1779             1.19373             19.3941             0.481146            -0.234737           -0.844628           0.438472            0.898745            0                   0.759105            -0.370346           0.535353            
