parnum: 3360 
totStep: 50000000 
time: 8640000 
curStep: 8640000 
P: 0.00310849 
T: 0.125 
ghostsim: 0 
rcut: 16.51959903 
rcutBP: 0.50005 
equilibrat: 0 
Dt: 0.05 
M: 5 
tol: 0 
ninters: 1 
nintersIJ: 0 
ntypes: 1 
saveBonds: 0 
maxbondsSaved: -1 
@@@
3360 
8 1.2 1.2
2 2 2
1 1 1 1 2 0
1 0
-8.15 0 0 0.5
0 0 0 0 1 0 0 100000
@@@
3.604391551565122 -41.51115615546812 -60.09745738145003 -0.7046732215118473 -0.6997904455172796 0.1171707439879623 0.2870465084154512 -0.1301459883299703 0.9490344165141549 -0.6488759148639153 0.7023925925607554 0.2925827968715618 0
-3.116539577250775 45.41999330724532 -36.23008646969926 0.2146370964132214 0.8129550928222515 0.5413270119788582 -0.8664815060063628 -0.0972707648471315 0.489640886829568 0.450711345089589 -0.5741449428155185 0.6835326386113493 0
2.360801357569292 50.61696989044928 43.35858279503004 -0.167486765322162 -0.5361361671900873 -0.8273488947669011 0.6451643916959902 -0.694161253518498 0.3192225897412004 -0.7454603216331663 -0.4803104874392844 0.4621587871353708 0
10.50487227072152 -30.06489701757815 50.86728024285787 0.4588696435098965 0.7392387994773958 -0.4929144424869454 -0.878876864353474 0.296201243529754 -0.3739522437897777 -0.1304381369425807 0.6048064324050557 0.7856176371189 0
-14.15127206985561 48.71829415012842 -63.38500862655227 0.556375264512562 -0.1000279431180998 0.8248884625415387 -0.8052472005587666 0.1800061929629473 0.5649554995637325 -0.2049963683357771 -0.9785663907424237 0.01960377205026929 0
6.944543058967727 -42.96668279486158 -34.76451955610221 0.8111400823186097 -0.4777976576827737 -0.3372849910226951 -0.2753251028744176 -0.8207576927909437 0.5005525920937316 -0.5159921070941164 -0.3131552459044634 -0.7972991517485902 0
26.72950641878361 9.356087416700387 -32.94931194329127 -0.3722141543544645 -0.7727134421124359 0.5141697770945182 0.1738285113583848 -0.6022084816689475 -0.779184569434731 0.9117237914726902 -0.2006461586601443 0.3584701480981634 0
-29.06444231834387 -48.69135553180177 -20.7962665962915 -0.6622939281454782 0.6727920005250668 0.3297236369619053 0.2160071233955763 -0.2499333913913859 0.9438613364843763 0.717431303599315 0.6963362865004525 0.02020150288231466 0
-6.510904881006915 -28.99583350545288 7.094943292883999 0.4971142799722706 -0.8261296450854355 0.2653058652921503 -0.810775360004206 -0.3333522218534011 0.4811648488776605 -0.3090642461650108 -0.4542973758413704 -0.8355197101482429 0
-18.86466177509266 -4.306573118952636 -30.79382050495157 -0.5500386517175533 0.8241086756492997 -0.1352862607077343 0.4762262527731689 0.4425827533773773 0.75982173079116 0.6860510460499961 0.3535044513615035 -0.6358998074234335 0
3.116773125100918 8.793828109605046 54.17620158074313 -0.8254019575726648 -0.4659565646300715 -0.3187414129245545 0.3150907464973524 -0.8487087854182855 0.4247484185086923 -0.4684329513459831 0.2501557063751501 0.8473444946780408 0
34.68147961756308 -27.76806233946705 11.87010773132114 -0.9746322656479017 -0.2219998939757307 -0.02842523232981635 -0.2124410701054525 0.9575903550250603 -0.1946522635253135 0.07043251018321543 -0.1836756898389946 -0.9804603523199724 0
14.5307274141651 19.33442281801677 19.25848572371406 0.8737669290334321 -0.4209335626818453 0.2436109388664289 0.309491145805606 0.8676387016265033 0.3891250622973701 -0.375162077501591 -0.2646091820928691 0.8883892144531025 0
-14.86001890105711 51.81753383633464 13.46126437617538 -0.2117139039908479 0.9578695333327832 -0.1940700388258312 -0.9270148630558831 -0.2597083926894806 -0.2705457344708077 -0.3095491342753353 0.1226275168124707 0.942943171983087 0
-8.905531926425931 5.799669943244291 40.14820649862253 -0.859264111139844 -0.1800734100681494 -0.4787888410288306 0.4761649806344116 -0.6235585399438808 -0.6200335946385839 -0.1869013069098356 -0.7607550947904097 0.6215461263863102 0
-6.0915526991964 45.44597068174922 -49.90401442128059 0.5048579358362357 0.8347968284125973 0.2196194888793039 0.2396394812941957 0.108878302584461 -0.9647374949857446 -0.8292715982281703 0.539684880739464 -0.1450822038468332 0
8.175147275974819 24.76262279415667 -38.77542312143218 0.2108978585549199 0.06071191526655396 -0.9756209082430183 0.499303919022183 -0.8647348847697485 0.05412185797946931 -0.8403675920129813 -0.4985455269147185 -0.2126844326395477 0
25.07377147222822 29.37213621645256 -41.61332581519814 -0.4932576484556191 0.8260005562242305 -0.2728002444228756 -0.3756019155228111 -0.4851017110983269 -0.7896831839067818 -0.7846146145054423 -0.2870529759584231 0.5495275204189131 0
2.773464566563626 -2.806526315765099 18.48095306750459 0.2810705279493185 -0.7960721951436357 0.5359742703129247 -0.5667494795222778 0.3130090863531207 0.7621156994327127 -0.7744639344602134 -0.5179714007351565 -0.3631958731055841 0
-0.8454508008815623 32.01026137336946 34.54140349286366 -0.3264609811946855 0.1753141812270723 -0.9288100804889367 -0.9009906977258836 -0.3547604493977665 0.2497214170920346 -0.2857253757871575 0.9183735413239129 0.2737718908645104 0
3.151869827581161 -42.89889388365702 -2.320939966957734 -0.2122677845945546 0.9012631115056001 -0.3777131073481612 0.8664374512982058 -0.005170363061246295 -0.4992588610463392 -0.4519165084513341 -0.4332413544263965 -0.7797906117696277 0
-9.546266557905659 5.475695679061533 -21.30022148907493 0.8989483368775658 0.1835707514133755 0.3977356746012762 -0.3820480023997133 -0.1156650950957601 0.9168756238655639 0.214315681851258 -0.9761779371620403 -0.03384410599475182 0
19.21100597638539 48.68048625846887 -1.618084086507421 0.8453180558871565 -0.1799391056379006 0.5030500001526156 -0.4555555932084751 0.2491521504644307 0.8546299242451598 -0.2791173335492098 -0.9516013472989894 0.1286405454404571 0
-12.50018647889198 13.69779857592214 -0.5753849034122868 -0.5719637737095187 -0.803111638098895 -0.1669405232823875 -0.8093589921416293 0.5194411829598976 0.2740782357000221 -0.1333996379427592 0.2918776356540737 -0.9471071652149089 0
23.92877195334631 -15.24284817114907 18.84788610824632 0.1505244360036236 0.09229813228958929 0.9842882956441784 -0.3136982990370641 0.948637887168437 -0.0409821450133266 -0.9375157445863989 -0.3026007498411813 0.1717469500412508 0
-23.63375680712857 45.72749980232241 -7.921932658269895 0.709876543234356 0.5032661717506298 0.4927458307658613 0.2272150444822053 -0.8258280529282972 0.5161214494262112 0.6666697960208969 -0.2544232445517188 -0.7005856091193381 0
0.2595525608421481 23.09290176927597 -11.89508389814221 0.1029055228031121 -0.07008288804714981 -0.992219150278594 0.3327736040025926 -0.9376105150339989 0.1007385257822089 -0.9373751553438284 -0.3405508932607081 -0.07316356500079153 0
-13.85661122228421 -7.236135244157566 -24.97263449442983 -0.3110456102705323 0.009007601310240886 0.9503522985977698 0.7438563288588119 0.6247021401402206 0.2375394664490576 -0.5915474540119471 0.7808111802622848 -0.2010112196596555 0
-31.68718626785187 50.96436073657489 60.36090262525438 0.5978872516141336 0.5489673020309443 0.5840939442062506 -0.6753710663540056 -0.04748357445293629 0.735947846582052 0.4317461720608163 -0.8344939852738467 0.3423668083395921 0
20.50324563729397 -7.243600214983077 -2.59020278830458 0.422078650197875 -0.8114058299347379 -0.4043144719095514 0.8554900482666273 0.5040714203941734 -0.1185275514743813 0.2999773164155034 -0.2958590581512365 0.9069073973380356 0
-14.16960143588394 27.04826006014587 29.14465180732556 0.6412625889388797 0.2954227575398928 0.7081720739728629 -0.09879786160347798 -0.8834435634278731 0.4580026777004224 0.7609344745574872 -0.3636658693988768 -0.5373321699511949 0
27.66865695548783 3.618890898828402 -20.99763505650945 0.9242551265066623 0.3770072530450139 0.06014974877428431 0.3717767548417105 -0.8529862792171841 -0.3663283390990127 -0.08680153043342603 0.3609431238006586 -0.9285394744949446 0
-13.31877952480564 -30.04006064999857 -41.91793790743415 0.892349504025555 -0.4210773107659819 -0.1625000339185241 -0.379798440495103 -0.8950614435051818 0.2337052779630735 -0.2438555048853434 -0.1468295294157974 -0.9586321411411919 0
-0.6959940572609346 -22.05779235761959 -2.566325034536214 -0.4021137368400609 0.3827524874749376 0.8317482046727908 0.8181358474726813 -0.2576234572967075 0.5140854883485834 0.4110453475283199 0.887203859088926 -0.2095495996012744 0
2.427428694932699 -31.56495330360618 -55.71403334730896 0.2800705110963003 0.4924532499308094 -0.8240450870230452 -0.8324891126206627 0.5520471974979178 0.04696561617647378 0.4780401512240413 0.6728548791287728 0.5645741097945218 0
-4.525133382301187 -37.73679318922821 -0.799289206245186 -0.4860429869800659 0.1064501422496484 -0.8674275658651249 -0.58449831907573 -0.777491314834219 0.2320968986333591 -0.6497106508326049 0.6198190240484982 0.4401141302233201 0
20.19053661790246 41.8246500563634 -44.72314695465845 -0.6715368188833801 -0.2174981272753526 -0.7083310423212433 0.2896679041100473 -0.9569343693944143 0.01921244389553099 -0.6820049898737995 -0.1922789049885484 0.7056188889787919 0
-9.716817651863499 42.03434385833708 45.72591814067916 0.0715949570841823 0.9657865063742403 -0.2492600774801519 -0.6822221591110164 -0.1348882579625472 -0.7185945195183003 -0.7276311481360819 0.2214984920244301 0.6492236365789869 0
-29.23267117805243 -16.71656690659875 24.36258122124408 -0.1326936519995952 -0.7810163521759191 -0.6102506471547502 -0.758215099719592 0.4765278416107732 -0.4450068299775645 0.6383590347729038 0.4036516738518361 -0.6554106109302861 0
15.7310596014401 -30.57872685978574 -60.39492145084015 0.7454159677228236 0.6649295891967398 0.04715587423146848 0.4883375941454911 -0.4965568217994908 -0.7176055440621529 -0.4537415885809414 0.5579426172422842 -0.6948514997155211 0
13.03337442962109 19.36986176826752 -46.04553175541323 -0.08797791573462654 0.5300082612596637 -0.843416344007707 0.9125158826681823 0.3824275615744028 0.145134158717266 0.3994679589420863 -0.7568622088231253 -0.5172861361316692 0
7.891724486521511 49.76419355725258 33.51293509020614 0.6192421125611576 -0.7717128374843124 -0.1449086004789581 -0.6092711233848073 -0.3558291632092362 -0.7086425790332838 0.4953058693777726 0.5271099534933704 -0.6905267501611135 0
9.120250891432766 -27.23126689639112 57.75849676811005 -0.9447936347244659 0.2027389437800841 -0.257413885521086 -0.08358298661266744 -0.9087273545838863 -0.4089357888227298 -0.3168262491223573 -0.3648445089432779 0.8755053467347198 0
17.51868183372741 -51.58339790546733 26.58108666578512 -0.8659906321754216 -0.003836245824908993 0.5000455061316562 -0.005757710014042271 0.9999807799105265 -0.002299692385781545 -0.5000270730268355 -0.004870629081005963 -0.8659960757488513 0
31.88378357459606 -18.42501570681841 3.647091744446648 -0.9864679920555032 -0.1596483759965265 0.03732688965722293 0.112702772367368 -0.8256440414489706 -0.5528200447888315 0.1190755464001972 -0.5411324356025785 0.8324642342995277 0
-22.9861732295033 -14.74703075024237 54.05575098532746 0.0119286693000159 0.1577433065826046 0.9874081000664705 0.6345259434682746 0.7619928262589648 -0.1293976807963629 -0.7728095068736395 0.628079598425331 -0.09100266000164128 0
-31.07650073794719 14.19918399487237 32.27438274386776 -0.917074205321968 0.3752011337637853 0.1349037106811695 -0.1296608131541912 -0.6005942631827594 0.7889705980354568 0.3770450576062944 0.7060528593912889 0.5994383907292302 0
11.01162766593786 45.92803796938274 -20.94845304666271 -0.9176458208125259 -0.3301136588006853 0.2212489995883043 -0.0504229273484866 0.648961861150971 0.7591482274031213 -0.3941873614705841 0.6854731760213976 -0.612162436786166 0
-8.595547327006575 2.247776238879525 29.92441138065594 0.5010456054529037 0.2974071607598453 0.8127129148628668 0.8611417078998471 -0.2646084534131254 -0.4340706455146325 0.08595498921900828 0.9173501769286194 -0.3886906131068731 0
-6.982889602683786 -49.5371530668706 30.22385198473948 0.3531205764623974 0.09442711580280391 0.9308003965833911 0.1753428570170421 0.9705850420183618 -0.1649835103973406 -0.9189998590706498 0.2214682731477238 0.3261764292787682 0
-33.24330881448477 -6.048288168546805 40.66068714618896 0.36927660912873 -0.7741713829781679 0.5140947925507152 0.8625104865732325 0.4914694211726183 0.1205548364989996 -0.3459919746199997 0.3988940684315035 0.849219097564876 0
9.026937688316915 15.96064998929426 62.81230940248913 0.8569747098571324 -0.2682272722636014 0.4400550841420414 0.4429060077966193 -0.05325165171714792 -0.8949852120829133 0.2634931022303985 0.9618827329790601 0.07316415156075357 0
22.54447711821584 31.26140669189728 18.90236639825699 0.3696005628802142 0.4715552275766123 0.800644172690851 0.9282535461264211 -0.1486892471569196 -0.3409352752111962 -0.04172263201315544 0.8692106621095482 -0.4926784416360269 0
15.47114272820266 -48.71963442647116 -20.52239022952801 0.4362940442556921 -0.8616851331650988 0.2591259119222136 -0.6263294790659877 -0.4975885308414261 -0.6000975234308938 0.6460331962058373 0.0995207780187498 -0.7567937130702901 0
35.07733795351131 23.99118522735163 29.21063055423251 0.7764129604350766 0.4018878685696288 0.4854575738054057 -0.3016129493078559 0.9133013258448377 -0.2736974918042744 -0.5533647474118354 0.06608198927605514 0.8303135714987875 0
-27.55391452901199 44.24457416326899 -42.07147775943583 -0.128318637406975 0.2179658480308888 0.9674839618236869 0.7762232903589605 -0.5851146333610306 0.2347728036443909 0.617261476846075 0.7811093104802558 -0.09410905526475884 0
-32.60896233331464 40.52003992746947 -38.24625621241205 0.897952905481773 0.1532351008826867 -0.4125525219822128 0.2096091311895073 0.6753544350640276 0.707078778610436 0.3869684633899753 -0.7213982193604357 0.5743170008321278 0
8.549105933741693 25.57473340287338 -61.45909582894744 -0.8477172661499629 -0.4787948848379593 0.2283219107405872 0.2785249074108406 -0.03544901533726927 0.9597745794005506 -0.4514413722987635 0.8772108216184404 0.1634070433377796 0
-21.03529852107999 -2.767371555600771 -0.9203207397997621 -0.8402984685289283 0.1292036239365241 0.526502523593243 0.5079982175473913 0.5267893950506728 0.6814915584445064 -0.1893047668630184 0.8401186563955012 -0.5082955325585793 0
5.525149744852851 -43.53759251403915 -44.66201785051516 0.6141784153725084 0.5757262891171573 0.5397444896519951 -0.14718395157452 0.755508031269843 -0.6383921201626195 -0.7753204231085374 0.3126449339201907 0.5487543957040421 0
-6.232272435417196 45.4477272041994 -57.46666060175881 0.130612387200895 -0.7404410943449371 -0.6593082663784514 -0.5178457225482246 -0.6180331318203021 0.5914988213098301 -0.8454443872592263 0.2641628925070303 -0.4641570362217336 0
-25.57083240260926 49.12586167201046 19.4297598782897 -0.5245379828723972 -0.1139803768218854 -0.8437229274018015 -0.8217511222187949 -0.1914128958223717 0.5367366173878605 -0.2226768907095648 0.9748690050525554 0.00673983170619864 0
9.072414406037904 -45.75378103208545 49.63380546050653 0.5612654191044769 -0.5012722307562705 -0.658564560229299 0.8218114321481648 0.4317837646188062 0.371737475380602 0.09801581152056316 -0.7498592743203623 0.6542965454651756 0
2.471160486339253 -50.27839772772111 -27.29242071896978 -0.03840774617567579 -0.4470635580452014 0.893677246046864 0.8615972833741011 0.4381755334517359 0.2562270929595593 -0.5061372998662513 0.7798309925568628 0.3683594124381182 0
22.06384341712147 30.51793482560963 -31.0671442169399 0.518535626693322 -0.6651389021054499 -0.5373183830427347 -0.8258213002183029 -0.2266575165267721 -0.5163773332629655 0.221675402234002 0.7114890098292046 -0.6668158703394071 0
-4.77285225867938 -33.57943138767536 13.76758068102094 0.19436638225056 0.6115805451725289 -0.7669360770084902 -0.0428672484876928 0.7863954736176971 0.6162341747100617 0.9799918920367438 -0.08689876777025923 0.1790656184253411 0
-34.01431260637439 -35.73036723172581 17.52372137106369 -0.6973940467758331 0.04560772616345841 0.7152352611800792 0.2980217674361194 0.9260527145264912 0.2315370295492603 -0.6517856777006441 0.3746282226854744 -0.6594157452714938 0
-0.07117831086274665 -18.23048884817477 -19.01304802315661 -0.1271028864589752 -0.07638725607285367 -0.9889438019237478 -0.5053680128968917 0.8629022437323558 -0.001699794762019259 0.8534916682631533 0.4995645152243113 -0.148281041722455 0
-1.78099514577843 -15.32225159152732 28.58824192405565 -0.756640135255349 0.6458567586703954 0.1018074309648988 -0.4655557048214489 -0.6415174513805869 0.6096829055191159 0.4590790688196178 0.4139135258161656 0.7860801496781793 0
-31.3085639398878 30.40691232184914 60.8064018569513 0.6864174063158753 0.6368893027218283 0.3510030774583248 -0.1320623649750552 -0.3654737623158245 0.9214056982764212 0.7151158480021693 -0.6788232060982204 -0.1667584444605602 0
-4.828201224278292 15.46409388962373 58.05911727081804 -0.5362977126467866 -0.7685182690985476 -0.3489476084908484 0.3167324847883159 0.1999692202581143 -0.9271962273590368 0.7823460209458201 -0.6077762590056796 0.1361716655526847 0
-25.57755678793396 -31.53732530614969 -19.23897357018793 0.09087001127297957 0.763890497848406 -0.6389162295231682 0.1269938091818486 0.627444023249646 0.7682360119896495 0.9877323592354428 -0.1509480208050374 -0.03999351865365954 0
-15.18753978122179 47.60402723474087 43.82937795268766 0.4012870443970078 0.05983681444103925 -0.9139957678440921 0.6014855180551478 -0.7697751405997828 0.2136852930940516 -0.6907849734680441 -0.6355043576185168 -0.3448917683543313 0
10.64793200309489 32.91819091364411 -44.26829785058451 0.4437705782802221 -0.8346174022038837 0.3263149794163347 0.3516013778960252 -0.1727757008413119 -0.9200679476322292 0.8242840195675785 0.5230318815688296 0.216779855955807 0
0.8819278945773302 21.73208641358515 -42.41654073515841 0.2231471879096663 -0.9383780155873268 -0.2639167148745689 0.7719893496639079 0.335432163125364 -0.5399237982774909 0.5951787769515323 -0.08325841581041926 0.7992685779283037 0
6.253452780324634 0.2745506431234181 -24.85209726987049 -0.2748373501850264 0.4338895941937225 0.8580234559694614 -0.9600307492353096 -0.07467755806684799 -0.2697484436360171 -0.05296594628781232 -0.8978658487611701 0.4370715343764625 0
-30.79352232133397 34.71082090363646 -16.24551550518066 -0.4181240795108292 -0.2892367881475723 -0.8611122659187754 -0.6764569348418613 -0.5335474760713381 0.5076742125443372 -0.6062823347565188 0.7947761767692567 0.02743281615387559 0
17.80882319697425 -43.43538483097751 21.24750592198113 -0.3765623043872419 0.3648182910325269 -0.851532997271688 0.1488546472156057 -0.8834218576870903 -0.4443063305456376 -0.9143539385362442 -0.294063659585582 0.2783584724672107 0
-22.06769695819615 -7.069437259295165 11.60300777706804 0.7884816305267204 -0.03522126258019544 -0.614049005360621 -0.2975722665396664 -0.8955813193273333 -0.3307338002957826 -0.5382819563282338 0.4435014804193967 -0.7166302898688214 0
-6.890624687941235 -49.93627288000522 2.709603446016598 -0.7370206006165498 0.6758600555317776 0.003717472673723629 -0.6250257756979241 -0.6794725819991877 -0.3842652599759488 -0.2571836191900926 -0.2855349289451318 0.9232152459597051 0
-3.375924080452712 -30.01383301615587 -21.70027509773518 0.779311218617372 0.3329464692184433 0.5308678490661685 0.3519085451466764 0.4684334081624869 -0.8103891151603702 -0.5184924304075613 0.8183622613196276 0.2478887025617888 0
-24.14319073889783 40.39434283691363 3.202786295462082 -0.03094372052653353 0.8959370237499028 0.4431019472242393 0.9904918622165459 -0.0319666718256011 0.1338058398394284 0.13404610043825 0.4430293233708871 -0.8864291633237485 0
30.92388379950178 42.26276926900296 55.76701854809284 -0.4580984952556852 -0.6623319515195324 -0.5928424366057911 0.6507793586118992 -0.7042017627667219 0.2838769164985035 -0.6055014409966947 -0.2557660323665312 0.7536257304779704 0
-9.025691031829716 -19.06018207019179 -47.72983974206159 0.7192668645321134 0.3409193108080305 -0.6053339583272195 -0.2285829623715166 0.9389357290570978 0.2571955015425784 0.6560525946137533 -0.04662317254782451 0.7532737038300492 0
33.68700188021251 50.21581082555056 43.32612673235195 0.579762410792071 0.7648501614703618 -0.2808554388494477 0.627090287154921 -0.1987777450318675 0.7531568095928673 0.5202242966151028 -0.6127737254311607 -0.594873972058506 0
13.47514079548993 -36.90606707056401 18.93895795450004 0.9207736172709871 -0.108724532868795 -0.3746397225202964 0.1336861380608713 -0.8142725845542261 0.5648789025389986 -0.3664750499394046 -0.5702097280788162 -0.7352257502128731 0
14.04912876458157 4.089179746072004 -18.06465776030513 0.5361127295907105 0.6597489561209282 0.5266065476883821 0.2882142299946262 -0.7294048792825499 0.6204039649351927 0.793420253585236 -0.1808309624380894 -0.5811922781869929 0
-13.1503794638136 46.57162142376269 -35.98482478335626 0.1520621642301365 -0.9125384200635859 -0.3796718716440351 0.9366231065134231 0.2557120264101641 -0.2394755016577176 0.3156172595957516 -0.3191942848127933 0.8935886939685923 0
21.02879857302705 -20.42610803786288 -14.8193816442932 -0.5620793727548586 0.8112948745042021 0.1608334707918855 -0.523798369513384 -0.4996656106177937 0.6899054613938914 0.6400797191122681 0.30353731923633 0.7058066654629775 0
-30.00741568585534 -33.39814217054587 -47.96422135355864 0.6626217095604715 -0.2883325870959105 0.6912284638512418 0.5081131503751602 0.8511054701192138 -0.1320625047069033 -0.5502304030450149 0.4387297550340451 0.710466540811493 0
30.4591372877818 -38.55126751231774 -10.25677191567596 -0.775204019304691 0.3392286508582704 0.5329002260187488 0.04455595849067109 0.8708428870051854 -0.4895379788283369 -0.630137679413623 -0.3557479284398497 -0.6901955638758173 0
-3.59787762097952 3.674076632366687 -14.25471172289073 0.3809028345403514 0.1859070519338137 0.9057326309020184 0.7570011091547459 0.4997639675879429 -0.4209338397409862 -0.5309071023986799 0.8459754989018776 0.04962966734182609 0
34.81114477043952 -3.786912015141288 -40.67297660639741 0.3270195797842101 -0.8850299050245701 -0.3313310454062015 -0.7095534113018745 -0.4615246761657911 0.5324743466122699 -0.6241731738449594 0.06096753646320388 -0.7789035938739556 0
-26.02504375751251 47.37751726615119 58.97197479669629 -0.6488163926222059 -0.6022638730511916 -0.4650973187217146 -0.2594108967487486 -0.3995356640397405 0.8792481104946264 -0.7153623384780439 0.6911218997961004 0.1029914768786919 0
24.55343596856058 -37.16969529236686 -24.53642131076161 0.9751292158855253 -0.02561928711922221 0.220151457987366 -0.07353439632503579 0.899637105472333 0.4304018715275774 -0.2090830095524895 -0.4358861440615708 0.8753785264282657 0
5.301583721122599 -2.741145952434832 -29.57407613122245 -0.5069772873473495 0.8335678265430572 -0.2194053524097979 -0.8320884780771218 -0.4068583355778885 0.3769549832836668 0.2249506496219254 0.3736722806459465 0.8998701194681588 0
34.49256436676388 -26.27122206739634 22.77058580748675 -0.4131809662638521 -0.902432714114175 0.1220519791472466 -0.8471162774749872 0.4300708071730915 0.3121427770339535 -0.3341788466589102 0.02557923599344761 -0.9421625131217179 0
10.19811497052476 19.99104353825369 50.78757510192305 0.3638926848344007 -0.04518910776716391 0.9303440538118943 -0.3555216369677911 -0.9299404973156746 0.09388842900066087 0.8609218777403508 -0.3649227534583987 -0.354464249870876 0
-1.966216962584062 -6.141219224176182 -4.078634474081821 0.8466677786641025 -0.4149353651331742 -0.3331400836492077 0.05462258803136103 -0.5549816415515406 0.830067316798677 -0.5293109156712876 -0.7209882248015006 -0.4472202301424508 0
4.685425634091675 16.81666110941017 -34.08084792354747 -0.3826153026044746 0.1366821820218309 -0.913741490428817 -0.5597086059016598 -0.8211489588416064 0.1115377239902065 -0.7350726540229747 0.5541050157788205 0.3906863509215859 0
21.36030244752878 -45.04087945563434 -2.080197042294343 -0.9500780982810241 0.1243762897105661 0.2861505647810451 0.3114883358344583 0.3249682069395533 0.8929561473652712 0.01807273653194469 0.9375106415587221 -0.3474869395501716 0
34.4180809659473 -26.84422603994042 43.19826151548784 0.18061306090334 0.5719081959719217 0.8001874390486973 0.9487717603916145 0.113137527753272 -0.2950119429739883 -0.2592509766897056 0.8124782552130201 -0.5221762306840355 0
2.034800864054303 7.044538163580923 -19.9966528111761 0.4920697081922498 0.7790239738689415 0.3885730953336041 -0.8365824442236922 0.2996725144664592 0.4586133426864349 0.2408261121562668 -0.5507431635626003 0.7991775469147886 0
21.93364609485267 49.8775164323416 -6.637519378647134 0.9422167385432897 -0.28089826899033 0.1825480213182323 -0.29979205064112 -0.9501875543826004 0.0852545474973896 0.1495070031182172 -0.1350547073404748 -0.9794936865769055 0
15.1361496822004 15.59535720301129 46.88009232303084 -0.3740684505772526 -0.9273782820767277 0.006505091484604561 0.9256163010873752 -0.3737743291550534 -0.0593903529741338 0.05750875971870044 -0.0161948385978922 0.998213639336948 0
15.85943358539234 -1.951379266476334 -51.5155142915891 -0.2126014319336244 0.8486622160972489 0.4843274451327624 0.5183579553184695 -0.3222138596661392 0.7921384088637746 0.8283149529604664 0.4194647441776121 -0.3714076831382132 0
12.20913788220636 -8.127979221782725 -58.61993120308713 -0.1864018718942392 -0.7032622131493323 0.6860587450873266 0.8540320035004473 -0.4611826663832321 -0.2407070527112761 0.4856785759651006 0.5410478793822074 0.6865737491809547 0
-11.43804513242421 -39.89879656157628 38.40169421151947 0.1805072336927693 -0.8639631661725686 0.4700901893055917 0.9748859963833295 0.2205391012897248 0.03098062068400811 -0.1304393830108957 0.4526921164535241 0.8820744951875291 0
-28.48849263455649 -29.23699144917477 0.8401688099196972 0.1667579353103108 0.5050940321188578 -0.8468009268589796 -0.9291936599614771 -0.2067902713379667 -0.3063281344692965 -0.3298347060249585 0.8379246997183564 0.434846253638651 0
-19.87099377839676 -19.02227915282314 1.16057964270596 -0.7920292079655026 0.3330278744958162 0.5116465269485044 -0.4141216834515465 -0.9088757380398241 -0.04947852158049788 0.4485453879206425 -0.2510723553307428 0.857770194961177 0
-19.96875236174155 -17.23630384390674 40.48784241963083 -0.1868063837963699 -0.02992695560567125 -0.9819408089599053 0.3840560444935189 -0.9222146328862384 -0.04495693026191924 -0.9042147585947686 -0.3855185445847499 0.1837692088471966 0
23.59189520407996 13.84683730838282 35.35691454558103 -0.5838711157271774 0.653357896366076 -0.4818900076526981 -0.7193780449058504 -0.1412520826790735 0.6801051960147869 0.3762841329726512 0.7437548711738364 0.552484337224239 0
8.739419793260444 -20.08366051829404 -57.59644902571965 0.2004458984744846 0.5961716959319601 0.7774321518654497 0.8432957654752715 -0.5089046344306133 0.1728245497223563 0.4986719299461759 0.6209632694649984 -0.6047569133618035 0
-8.104901067219236 5.396954997631483 30.54597143945869 -0.3770369827809956 0.3356411372838797 0.8632428051122538 0.8556594176635525 -0.2305325530449639 0.4633591511451449 0.3545279602214325 0.9133453722165007 -0.2002752018394864 0
9.970740710629777 5.105046113397403 31.66878292918852 0.6003460290967715 -0.5837885840552072 -0.5466036356209281 0.7956414857325206 0.5050998295764721 0.3344081164431791 0.08086576240309579 -0.6356611135567559 0.767721093355177 0
-4.538450046268632 10.45575878354572 37.70736324131658 -0.5230241867932918 -0.2113411462482308 0.8257000786797802 0.4079781964104128 -0.9126539996925407 0.0248287756212321 0.7483311374539789 0.3498536790540025 0.5635626956864341 0
-14.25381576976669 -32.18652038226418 -19.62963395886694 -0.2767990296898218 0.8666163566119756 0.4151606768654092 -0.455600298348513 0.262037093204979 -0.850743751037654 -0.8460559469134871 -0.4246323730443067 0.3222990574841366 0
-18.69778387068773 21.16076402608017 -17.96823700531083 -0.6649447458067503 -0.09229449769450103 0.7411681393039213 0.7403487375476284 0.04962283578917023 0.6703889326204255 -0.0986520746648972 0.9944944946371937 0.03533367092077003 0
-7.049534716294703 -26.09856606425751 29.74653933411421 -0.4439996241552197 0.1718414556140301 -0.8793945916836571 -0.8869702155808683 -0.2234787428289675 0.4041547824485267 -0.1270754516907777 0.9594413820738993 0.2516427307544143 0
-34.04757286897024 3.109407511810747 12.81487783903939 -0.4116517927229106 0.7755478956780663 -0.4786107636247909 0.8973930532530161 0.2534219328815413 -0.3611966665241121 -0.1588348498329369 -0.5781892297888803 -0.8002928870324914 0
-28.72510358743682 -25.08831958931809 -56.36060048701117 0.8121557899569123 -0.3403749063428944 0.4738648499007075 0.5813393548788269 0.4032300129561602 -0.7067178440653731 0.04947249041959161 0.8494412750647798 0.5253589181771031 0
7.046411296226099 -47.99980569899525 -8.258419970853824 -0.7726198518537495 -0.03918377228302371 -0.6336585803971564 0.131573027716707 -0.9863067194043396 -0.09943637983820285 -0.621085423189776 -0.1601988990210433 0.7671956789853253 0
27.91079606985122 -48.00081406446876 37.23499655786634 0.8551503232433392 -0.3628184286071605 0.3702441255711926 -0.5168612225122781 -0.5421376429315913 0.6625264166655671 -0.03965351585882003 -0.7579245107393338 -0.6511359571551985 0
17.40552207333202 -13.82014139654297 41.38895811370316 -0.9635250277253086 -0.2650018142260196 -0.03733040856986927 0.0861947956032124 -0.1752411654706046 -0.9807451203730473 0.2533574118868753 -0.9481901562352864 0.19169102603045 0
28.83343221397591 11.66455602957492 -44.3714873556513 -0.3784937440112145 -0.6951378343507344 0.611167634122061 -0.7338552312534955 0.6277680466000631 0.2595453317428592 -0.5640912916417593 -0.3502722811214448 -0.7477368145089029 0
21.52674955957708 19.24519342693374 51.15407843771973 -0.3011753159844358 -0.8671786628286461 0.3966038272335795 -0.01613694401325036 -0.4112207685312012 -0.9113929331338638 0.9534322357040459 -0.2808890283780162 0.1098559313701084 0
13.02017109336325 -20.36494844166825 47.15980808350113 0.7272392876420222 0.4400163996851527 0.5267908375423043 0.6655648667344867 -0.639658955043144 -0.3845254600177995 0.1677689681642194 0.6302554952092808 -0.758044579216727 0
22.86429941995239 22.30854937779534 10.06917624335787 -0.4446314291662525 -0.8135805815525087 -0.3746859078186442 0.7728184022874677 -0.1369721808687039 -0.6196695399595802 0.4528295587561076 -0.5650887178033467 0.6896521817033441 0
20.83607859107124 -7.314586332380723 40.15888741325335 -0.03015776245911579 -0.9405349741500009 -0.3383555404664861 0.9354820751947586 -0.1457969030903553 0.3218952469958453 -0.3520849277556372 -0.3068179027534669 0.8842505177816542 0
18.01039628424606 25.64530344097346 44.81887988091709 0.5705224857286763 0.817020382775244 -0.08355709070866107 -0.6704319585835974 0.5220787594777833 0.5272141479626841 0.4743680872355269 -0.244768182229768 0.8456142470300098 0
-23.62737784433529 -11.19974385364414 46.26756767059376 0.9878053353045934 -0.04359798904233938 -0.149465162815291 -0.1345760637834603 -0.7218411404713848 -0.6788480323163313 -0.07829369451302701 0.6906841414673794 -0.7189057755541121 0
18.47876052108668 36.78846233600967 -39.71766855683032 -0.9409445442091581 0.3136518212098825 0.1274594044174048 0.1547332063481431 0.06354757421992917 0.9859104120881176 0.3011328603390609 0.9474092256582867 -0.1083270952325784 0
-11.35337020084632 9.12484277742168 -32.65314312688006 -0.4440627718237294 -0.8414651694416666 0.3078061456448902 -0.8662139055235185 0.3153398354450639 -0.3876006424906087 0.2290889009923801 -0.438744979228283 -0.8689195121781226 0
-17.89046736550091 -21.89190223744067 -6.462532219455502 0.7529078402184605 0.4493377059702068 -0.480859033533677 -0.4963126249788077 0.867496286588603 0.03352567734678604 0.4322077769130626 0.2134146638548777 0.87615673188503 0
3.073007552557064 9.922778027517484 -14.45232475804276 0.5767418361798794 0.1931666551917221 0.7937603528282413 -0.8168146603892033 0.1524300477135117 0.5563981408373768 -0.01351536063433345 -0.969253178419314 0.2456941414662157 0
2.030221318975294 -47.31280061233532 -60.16971299210346 -0.8807348630183754 -0.3525672245947652 -0.3162316448515685 0.3297042752841426 0.02291565043666779 -0.9438061049941567 0.3400017528237064 -0.9355058658858234 0.09606030902574049 0
28.24719116889408 -24.63688814419072 -53.98203378826188 0.06057022517639099 -0.006666235377586233 0.998141677883371 -0.9438032594839927 -0.3258831074029106 0.05509634921388769 0.3249102263845909 -0.9453865672915331 -0.02603042787434857 0
-5.911559801198542 22.46431799011263 35.48848316865879 -0.489084603162157 0.7224957490083301 0.4886677231150471 0.07836505767575946 0.5943788525033026 -0.8003578558572003 -0.8687089090627974 -0.3531482300134533 -0.3473199662462694 0
22.80425986800476 -39.62086834135956 -45.76210378548546 0.9489026088539063 -0.2864426458836203 -0.1324177085179166 -0.1766490871706213 -0.829860606500669 0.5292697552100164 -0.2614936689707174 -0.4788339841714301 -0.8380567264159215 0
-18.54884323282757 -46.55342257769689 -21.60531963772207 -0.233265020802677 0.9719348173357476 -0.0304982117597749 0.8897503957989166 0.2259849084513955 0.3965791904879873 0.3923412586584534 0.0653722571346758 -0.9174937627861889 0
2.40381538216388 -13.14330833902187 29.71954715619107 0.9537091693000829 -0.1399098782008589 -0.2662030172155035 0.04833385260684014 -0.8023686876598362 0.5948683280821769 -0.2968209209017749 -0.580197996415721 -0.7584639911493886 0
9.033214566722641 -8.940156385407532 37.42064182644565 -0.0937330177998814 -0.9870148965610432 0.1304442997628407 0.1490759320112355 -0.1434581633299906 -0.9783640027458913 0.984373144630149 -0.07225890492140165 0.1605869321906763 0
18.65102955465916 -47.41391714175072 5.20819852293055 0.8642784711847118 -0.1323725406508667 -0.4852836641883611 -0.06529563217842543 0.9270656850079299 -0.369168926237128 0.4987576612591907 0.3507516588163073 0.7925995642017375 0
-15.31220436307128 -36.71598169359958 -44.2274638546702 0.1290889810757288 -0.43315258367819 0.8920285164827061 -0.8921933640354606 -0.443356754490951 -0.08617302024855122 0.4328129343449499 -0.78473793555583 -0.4436883324625986 0
-1.944201196699102 32.33422593808518 -13.20802862755405 0.4762655550205921 -0.804318713326154 0.3553062460669053 -0.8792861332302283 -0.4332555965235084 0.1978521771174585 -0.005197788939638183 -0.4066460321636186 -0.9135710084696168 0
6.483136086188209 11.660501566913 -57.29492744923165 0.9535092907199608 0.1234726501548481 0.2749082340970663 0.1296890868503859 0.6553060695639867 -0.7441469585667976 -0.2720308314560066 0.7452036365022184 0.6088273703448992 0
25.64639640612285 -15.70620110536277 -15.25213672275498 0.08189621704333802 -0.9951205643436415 -0.05502792068167543 -0.9270275539474214 -0.09633268563018486 0.362408509697999 -0.3659411480775128 0.02133251273981911 -0.9303934651770372 0
-23.93092191638361 -16.91461428513947 43.28408841136393 -0.7028320191679357 -0.5304486722700454 0.4739740065861678 0.3959519530949204 -0.8452574762817409 -0.3588340140373349 0.5909730989413546 -0.06452910100785586 0.8041062065737652 0
25.27853274534489 26.25909279139115 -48.95534015291206 0.8042032626921188 -0.5920970331023209 0.05175147985193658 -0.5783936765483335 -0.759592141735434 0.2974567752511182 -0.1368132566835953 -0.2691484378651952 -0.9533316585481569 0
13.98297555336683 42.46796228942183 0.4035534637728757 -0.107117168715508 0.9532417172890558 -0.2825882881262795 -0.1921940189946429 -0.2987151468352611 -0.9347891313626698 -0.9754933988647602 -0.04582018628183335 0.2152048775006587 0
-28.11531491569501 23.02853823344751 -25.91930669789593 -0.2566843952664518 0.4243421388533116 -0.8683587221996442 -0.9614808515749329 -0.2035163551032304 0.1847583969954883 -0.09832442871188009 0.8823348810962672 0.4602363135602524 0
26.65512830719603 49.5299717510952 -15.3417962758087 -0.9705410102949192 0.2229346223997006 0.09137998397556052 0.1827440277966365 0.433960596624311 0.8822033897476383 0.1570183672077191 0.8729137155030027 -0.4619165267085585 0
-27.84116370147524 -12.85075129997944 -44.49280996669137 0.01898194990679262 0.9376217122246626 0.3471386039359386 -0.6661426645750124 0.2707740512811369 -0.6949355103789979 -0.7455827492712199 -0.2180526035563803 0.6297296452221933 0
-7.004276386592048 37.21838118560363 -8.49629114527689 0.390942130629065 -0.4459644401810766 0.8051583500117044 -0.1027502929743323 -0.8904553067222087 -0.443318986762343 0.9146620292725667 0.09058181287865527 -0.3939394717246023 0
-21.58646180538538 -47.31817269113308 10.66893158170284 -0.6528262333909818 0.7533492475521657 -0.07926424293964655 -0.7058300950476395 -0.5669644918769294 0.4246824011844181 0.2749941561587358 0.3331909004806606 0.9018658647023692 0
15.68887575616346 -32.91991011572389 -62.66796181853393 -0.7455206382557058 -0.6567509827591809 -0.1134774188093783 -0.6192460582936096 0.7455254614688901 -0.2464266738591077 0.2464412652593591 -0.1134457268755522 -0.962495075224325 0
1.000941674665308 -10.96762948091246 -34.57691633540885 -0.6069856174693575 0.1668574053270274 -0.7769987557728534 -0.03997174020547543 0.9700626463108991 0.2395427356802903 0.7937069485460331 0.1764569877329865 -0.5821444934980303 0
-30.3822381056641 28.80274860698633 -46.07630328721789 0.284219546144886 -0.9550571305573005 0.08417319621237725 -0.9514400829820642 -0.2701333342669852 0.1476135163618525 -0.1182413552193185 -0.1220403994144817 -0.9854568092141154 0
-32.96455729123596 50.539425261612 33.44097778034295 0.8292836024923598 0.1026498031721201 0.5493193283927909 0.5483234918342741 -0.3391623527246005 -0.7644018882740267 0.1078427324390848 0.9351106439362991 -0.3375470762088462 0
-24.50547140994146 27.37341545836814 53.9209974004125 0.5117824495081785 0.4234010406994654 0.7475361416746562 0.6823942809503777 -0.7289645289949015 -0.05430249343521522 0.5219355991896454 0.5379054509874275 -0.661997700975428 0
23.10808955156245 -24.73735224294192 -26.29212375361364 -0.5605054662303053 0.5023322480849335 0.658404081745915 -0.5655090412488598 -0.8129721164700512 0.1388375385396334 0.6050067326827631 -0.2945142617531 0.7397487431773085 0
18.21101967874386 23.16881942005291 27.71572779235206 -0.4631718175185605 -0.5086921019513703 -0.7257439030875701 -0.684883645653958 0.7251662023573162 -0.07119249169728595 0.562500008330697 0.464075774384805 -0.6842714492489573 0
-10.79755664527791 -13.58103901685251 -51.23416073344791 0.87051310422599 0.3268924779785174 -0.3678970551828159 0.03410173992921395 -0.7858062690791369 -0.6175318443691695 -0.4909623271746583 0.5250236331034616 -0.6952022568849408 0
-28.5578159496738 7.147251187278909 55.92784860027924 -0.9916436103627907 0.0345414133764605 0.1242973885025584 0.02332635993203434 -0.8996004557259462 0.4360904733994536 0.1268811686537005 0.4353457371096112 0.8912773183592196 0
4.975985753501888 17.10489859874648 20.37127220521537 0.0182807826859732 0.8642779772613801 -0.5026821968255197 0.7388203325424727 -0.3504243335359831 -0.5756277466275995 -0.6736544583138238 -0.3608689020776806 -0.6449521736586162 0
30.68493748910106 -27.93499826341256 9.256294335462536 -0.04773112962217668 -0.9960812458457161 -0.07445730951107096 0.3457681141848559 0.05345689250574521 -0.936796014005598 0.9371051971247388 -0.0704592954709525 0.3418615760855732 0
7.365287263460817 -1.339121570221326 -54.14896799985149 -0.4570452595608723 -0.4011216151379321 -0.793858350451758 -0.7088082848969317 -0.3749170808526809 0.5975181986738183 -0.5373085202882811 0.8357862360400712 -0.1129642495289652 0
14.52059710597127 45.83073014949869 56.3647080014992 0.3771145213698395 0.7812952220879327 -0.4973554199108904 -0.07975135619430759 -0.5076161185054303 -0.8578843729891465 -0.9227265894928766 0.3631854239588351 -0.1291200560201351 0
22.20824126501003 -33.80892553600265 8.380195400915179 0.7523602147300728 0.6514942047758022 -0.0975161957568092 -0.2749995962955327 0.4451326346620896 0.8521925601623528 0.5986061554383177 -0.6143388630897068 0.5140607278999793 0
-27.13051627474073 6.390089328880278 -43.31159109114759 -0.7356123566898853 0.6217315999442311 -0.2689317354205118 0.05989895422050623 -0.3357486891602782 -0.9400451760477202 -0.6747492689649128 -0.7076175770557277 0.2097398118461878 0
